2 1
1341 1716 
1 1
782 
3 1
695 1080 1315 
574 3
3 8 9 13 15 18 20 23 25 32 38 39 43 44 45 50 60 61 67 69 82 83 84 86 88 95 102 105 111 112 122 127 128 130 133 140 142 146 150 152 153 155 156 158 160 169 171 173 174 185 188 190 195 200 207 209 224 228 231 233 235 242 249 258 260 264 266 268 275 276 279 281 289 297 298 300 303 304 308 309 315 316 318 319 320 322 324 328 329 332 335 337 339 340 347 355 359 361 363 364 365 366 369 370 375 376 377 382 383 389 393 394 395 398 405 407 415 416 420 427 428 429 433 436 438 443 450 456 457 458 462 464 466 469 470 473 474 476 488 491 494 495 498 500 501 511 513 515 517 525 537 539 540 541 548 553 555 557 560 561 562 565 567 574 575 578 579 583 586 589 594 596 602 607 613 617 618 619 621 625 626 627 630 631 632 634 635 637 642 646 647 653 655 656 657 658 663 672 681 682 684 686 687 690 691 692 693 695 704 708 714 716 722 725 730 732 734 737 738 741 749 750 758 760 767 768 771 772 775 779 781 782 783 786 790 795 797 817 818 819 822 829 837 838 839 841 842 847 850 852 855 861 863 865 869 870 875 877 884 886 888 897 902 904 909 911 918 920 922 928 931 934 936 937 938 944 947 948 962 964 967 968 969 970 972 973 975 979 981 982 986 992 996 1003 1004 1014 1017 1021 1029 1031 1040 1041 1045 1049 1056 1060 1062 1068 1076 1078 1079 1082 1084 1086 1092 1094 1095 1096 1103 1110 1111 1115 1116 1119 1125 1128 1131 1133 1137 1151 1153 1162 1164 1165 1168 1171 1173 1174 1181 1182 1185 1186 1196 1197 1199 1204 1214 1219 1223 1237 1241 1242 1247 1251 1254 1256 1260 1263 1273 1274 1275 1278 1281 1283 1284 1285 1288 1293 1294 1295 1312 1314 1315 1322 1323 1326 1332 1337 1340 1346 1347 1348 1350 1356 1357 1361 1362 1363 1369 1375 1376 1379 1380 1382 1384 1391 1393 1395 1397 1399 1405 1409 1412 1415 1418 1426 1429 1434 1437 1447 1453 1454 1457 1459 1460 1461 1466 1467 1472 1473 1474 1475 1481 1482 1483 1485 1489 1492 1496 1504 1505 1509 1513 1514 1517 1520 1522 1528 1529 1539 1540 1547 1551 1557 1559 1560 1565 1566 1567 1586 1587 1589 1591 1597 1600 1602 1607 1609 1610 1611 1612 1617 1618 1620 1624 1625 1626 1632 1636 1637 1638 1639 1640 1642 1643 1644 1646 1647 1648 1652 1656 1666 1673 1681 1683 1687 1688 1689 1690 1691 1693 1694 1698 1703 1717 1719 1721 1727 1734 1737 1741 1746 1748 1749 1753 1758 1763 1764 1765 1766 1767 1771 1774 1775 1776 1779 1783 1797 1800 1804 1810 1812 1813 1814 1818 1829 1831 1835 1840 1851 1852 1856 1859 1861 1864 1867 1874 1879 1884 1888 1894 1895 1897 1905 1907 1910 1913 1915 1917 1918 1920 1921 1922 1928 1929 1941 1945 1947 1956 1957 1961 1967 1970 1971 1974 1977 1980 1983 1985 1987 1989 1991 1996 1997 
1 2
679 
2 1
1621 1668 
2 1
973 1626 
1 1
493 
1 1
494 
577 5
2 3 6 9 17 19 24 28 29 33 36 41 44 46 47 53 55 56 57 60 61 70 76 81 83 85 88 91 95 97 102 105 111 116 121 128 144 148 150 155 169 172 173 176 177 181 182 184 187 191 193 194 200 201 204 205 206 207 210 213 214 216 217 221 222 225 228 231 232 234 235 237 252 266 267 270 272 274 285 287 288 295 296 297 298 304 305 314 319 323 325 326 328 330 338 346 348 351 354 355 356 357 359 361 366 369 370 371 372 373 387 388 392 401 408 410 411 416 418 424 426 429 431 433 434 439 441 442 444 445 449 452 453 455 457 459 461 469 471 472 473 474 475 478 481 482 489 490 491 493 500 501 504 506 513 514 523 524 527 528 530 531 536 538 542 555 567 569 571 573 575 580 581 582 584 585 595 603 606 609 610 620 621 622 627 628 629 630 633 637 643 649 651 655 656 657 663 664 665 670 675 678 679 683 686 689 690 697 703 708 711 713 716 717 721 723 724 728 730 733 734 737 739 749 754 756 766 775 778 780 782 789 790 791 792 795 799 800 802 811 812 814 816 818 820 822 823 824 825 829 831 834 836 842 844 849 850 851 852 853 854 855 865 866 867 870 872 877 879 882 890 897 901 903 910 913 914 918 924 927 936 939 942 946 947 948 951 956 961 962 969 970 971 973 974 979 982 983 985 992 994 996 997 1001 1007 1009 1010 1011 1014 1015 1034 1036 1041 1042 1044 1045 1049 1055 1058 1059 1068 1070 1073 1077 1079 1080 1082 1084 1085 1086 1089 1090 1096 1100 1106 1110 1116 1119 1120 1121 1124 1130 1147 1150 1154 1160 1165 1170 1171 1174 1178 1182 1184 1186 1187 1190 1191 1199 1203 1204 1205 1216 1219 1227 1229 1230 1237 1241 1248 1251 1254 1257 1258 1259 1262 1265 1271 1274 1275 1280 1281 1282 1283 1293 1299 1301 1302 1303 1309 1310 1311 1318 1319 1335 1336 1339 1341 1344 1346 1350 1353 1356 1363 1364 1368 1372 1375 1377 1389 1391 1392 1403 1406 1410 1412 1415 1416 1420 1424 1427 1429 1436 1443 1445 1449 1466 1468 1470 1471 1475 1476 1480 1481 1483 1484 1485 1489 1497 1502 1506 1507 1511 1512 1515 1518 1527 1531 1533 1536 1540 1542 1546 1555 1561 1562 1564 1569 1570 1578 1592 1593 1596 1597 1598 1609 1613 1615 1622 1626 1630 1634 1642 1644 1647 1650 1652 1655 1664 1665 1666 1673 1674 1675 1676 1681 1682 1684 1685 1688 1692 1698 1700 1704 1710 1712 1714 1722 1725 1745 1747 1749 1753 1754 1755 1763 1764 1767 1768 1774 1777 1778 1780 1781 1788 1789 1790 1793 1803 1806 1808 1812 1813 1825 1828 1830 1831 1832 1834 1839 1840 1842 1843 1846 1850 1851 1861 1862 1864 1866 1867 1875 1876 1877 1878 1879 1880 1884 1888 1893 1894 1896 1902 1905 1907 1915 1924 1925 1927 1929 1934 1937 1940 1942 1946 1948 1950 1954 1955 1967 1968 1969 1978 1984 1985 1994 1998 1999 
564 4
4 6 8 9 15 18 19 21 22 25 35 36 37 39 46 49 51 54 56 58 65 66 69 71 73 76 79 84 86 90 93 96 97 102 110 113 115 119 122 123 125 130 135 137 142 144 149 151 157 160 162 165 166 168 172 174 179 181 188 191 192 194 196 197 203 212 223 229 233 235 238 239 247 249 251 252 253 254 256 259 263 264 269 270 277 279 280 281 282 284 287 288 293 294 299 300 305 306 311 313 316 318 320 321 328 329 346 347 352 354 355 356 357 367 370 372 374 382 388 391 392 397 398 401 404 412 413 419 421 423 424 428 443 444 446 453 454 458 461 462 464 465 466 470 471 472 474 479 480 481 486 488 490 492 495 499 502 506 513 514 518 519 522 524 529 537 542 543 549 563 565 566 567 572 573 576 587 588 591 594 598 602 605 612 619 621 625 629 637 638 639 641 648 651 654 655 659 661 663 669 671 678 680 689 697 699 700 702 704 705 707 709 712 714 715 721 725 729 739 749 750 753 762 765 774 777 779 781 786 791 795 798 799 801 803 805 809 813 816 818 821 828 831 839 846 851 855 856 858 873 874 880 883 885 892 895 896 897 901 905 909 910 914 915 918 920 921 924 926 928 930 936 945 955 957 960 963 964 966 968 971 974 975 979 982 987 1001 1005 1012 1032 1033 1041 1042 1044 1047 1049 1051 1055 1056 1058 1059 1061 1064 1065 1069 1078 1079 1087 1092 1093 1097 1099 1101 1106 1108 1110 1111 1116 1119 1120 1122 1125 1129 1132 1140 1143 1144 1145 1151 1153 1156 1166 1173 1176 1177 1178 1180 1181 1185 1187 1189 1190 1193 1199 1203 1208 1210 1212 1219 1220 1222 1226 1232 1237 1240 1242 1244 1246 1257 1259 1262 1264 1265 1269 1271 1273 1274 1275 1282 1284 1288 1291 1292 1294 1295 1297 1304 1305 1316 1323 1324 1331 1332 1333 1336 1338 1345 1351 1352 1354 1355 1359 1360 1372 1374 1376 1379 1380 1383 1384 1385 1390 1391 1394 1395 1398 1401 1402 1405 1406 1408 1411 1412 1418 1419 1429 1438 1443 1445 1447 1449 1455 1456 1458 1468 1481 1485 1488 1489 1493 1494 1499 1503 1506 1509 1510 1513 1516 1523 1527 1528 1531 1533 1535 1542 1544 1550 1554 1563 1567 1574 1575 1576 1579 1583 1587 1590 1592 1594 1595 1604 1607 1609 1614 1618 1623 1628 1638 1643 1647 1648 1653 1654 1656 1659 1661 1673 1677 1680 1681 1684 1685 1688 1689 1693 1702 1704 1705 1712 1715 1721 1730 1731 1737 1742 1743 1749 1755 1760 1769 1780 1793 1797 1802 1806 1810 1813 1817 1818 1819 1827 1829 1830 1833 1834 1843 1856 1861 1862 1863 1864 1870 1882 1886 1888 1890 1898 1899 1901 1902 1905 1908 1909 1912 1913 1917 1919 1926 1927 1928 1929 1932 1934 1936 1940 1944 1945 1947 1948 1951 1953 1955 1965 1966 1967 1969 1985 1986 1988 1989 1991 1994 1995 1999 
1 6
481 
569 4
6 9 10 14 21 29 31 33 42 43 53 54 55 56 58 59 62 63 68 71 72 84 85 86 91 95 96 98 99 100 107 108 111 114 115 116 121 122 126 129 137 139 141 145 147 155 156 161 164 173 181 182 184 196 200 201 209 212 215 216 225 231 234 235 239 243 246 247 249 251 254 256 259 260 264 265 266 269 273 275 279 288 294 297 298 299 302 304 305 307 311 314 315 316 319 320 323 324 327 333 336 338 341 345 348 360 361 369 371 383 389 391 395 399 404 405 406 409 414 417 427 433 442 446 449 452 454 457 458 462 468 469 472 475 482 487 489 490 491 492 495 498 501 506 509 510 511 512 513 515 516 517 519 527 533 536 540 542 543 544 549 551 555 557 560 565 567 569 580 583 584 588 589 590 598 604 606 610 612 614 618 621 628 630 648 650 652 660 665 666 669 670 672 673 677 678 684 697 699 700 704 709 713 717 719 720 723 725 726 730 731 734 735 738 743 744 747 749 754 756 759 760 767 768 769 775 776 779 780 783 787 790 798 804 806 814 815 817 822 825 826 828 838 844 849 852 853 856 857 860 869 873 874 877 878 883 886 890 894 896 902 906 907 909 912 913 915 917 920 922 936 937 938 939 946 947 952 953 954 956 961 962 966 982 985 986 991 997 1004 1007 1008 1013 1014 1015 1017 1021 1024 1028 1030 1032 1037 1041 1044 1046 1049 1052 1053 1054 1059 1069 1071 1074 1075 1078 1081 1091 1094 1096 1104 1106 1107 1109 1114 1115 1116 1125 1128 1131 1132 1133 1138 1140 1143 1145 1147 1148 1149 1152 1153 1156 1161 1164 1172 1175 1182 1184 1186 1187 1189 1192 1194 1195 1206 1207 1211 1215 1221 1224 1227 1233 1234 1237 1239 1245 1249 1251 1255 1258 1259 1262 1264 1266 1267 1268 1279 1285 1291 1296 1298 1300 1323 1324 1328 1334 1341 1347 1349 1350 1351 1353 1355 1356 1358 1360 1366 1367 1368 1380 1381 1382 1392 1400 1403 1405 1415 1417 1421 1422 1427 1429 1430 1434 1436 1438 1441 1442 1449 1453 1455 1459 1464 1467 1471 1480 1482 1484 1486 1488 1492 1495 1496 1497 1499 1500 1507 1516 1517 1521 1522 1523 1524 1528 1530 1531 1533 1538 1539 1540 1541 1545 1551 1552 1560 1565 1567 1569 1572 1573 1580 1581 1587 1588 1592 1596 1598 1601 1605 1613 1615 1620 1628 1630 1632 1633 1636 1641 1647 1650 1655 1664 1665 1666 1667 1668 1669 1672 1676 1686 1687 1688 1694 1696 1704 1708 1710 1718 1725 1730 1732 1736 1737 1739 1740 1744 1747 1748 1750 1751 1758 1761 1763 1767 1774 1775 1782 1785 1792 1793 1794 1795 1796 1801 1804 1806 1813 1826 1827 1828 1838 1842 1848 1853 1854 1858 1860 1861 1862 1863 1865 1866 1868 1872 1883 1885 1889 1891 1897 1904 1908 1909 1912 1913 1921 1922 1923 1925 1927 1933 1938 1940 1942 1946 1960 1968 1974 1975 1976 1977 1984 
2 1
144 722 
552 3
5 6 7 10 18 19 21 25 27 29 32 34 35 36 38 41 42 45 48 50 66 67 69 72 78 81 86 87 88 92 103 105 109 119 125 127 129 134 138 141 146 150 152 156 157 158 161 164 165 172 178 179 183 185 187 189 191 197 203 205 208 210 215 218 221 226 228 231 232 233 235 238 240 244 249 255 260 261 262 263 266 272 276 290 292 295 298 299 300 301 306 311 315 320 321 325 328 330 331 333 334 338 339 346 347 351 356 360 365 370 378 384 390 391 395 398 400 403 404 405 406 413 422 434 437 440 442 450 453 455 458 460 463 466 467 468 469 470 475 476 478 483 486 489 490 495 498 501 518 521 523 526 528 536 541 543 549 554 557 561 563 568 571 572 576 578 582 585 587 588 591 592 601 602 605 606 614 615 617 618 620 621 628 629 631 633 636 639 646 649 650 656 660 665 668 678 682 685 688 694 700 708 716 717 719 720 723 725 728 734 736 738 740 743 747 752 761 765 766 769 776 778 782 784 788 791 793 801 809 810 811 814 815 818 819 833 835 839 842 854 856 859 862 864 865 866 868 879 880 893 894 898 899 901 909 920 923 926 931 937 945 946 947 948 950 952 953 955 960 964 965 969 971 972 973 974 977 980 981 982 986 987 996 997 1005 1009 1013 1014 1015 1016 1017 1018 1021 1025 1036 1038 1044 1045 1047 1049 1051 1057 1071 1081 1082 1088 1091 1093 1094 1099 1104 1110 1112 1114 1115 1116 1117 1118 1121 1122 1124 1132 1137 1139 1142 1146 1148 1149 1151 1154 1155 1168 1171 1174 1177 1181 1182 1184 1185 1190 1191 1192 1207 1211 1212 1214 1215 1219 1222 1225 1227 1236 1238 1244 1246 1248 1252 1257 1258 1259 1262 1267 1270 1272 1274 1277 1284 1290 1292 1300 1306 1310 1313 1314 1315 1323 1329 1331 1334 1336 1338 1343 1346 1349 1352 1356 1361 1370 1372 1373 1374 1376 1377 1381 1382 1385 1387 1388 1390 1397 1400 1402 1404 1407 1415 1417 1419 1420 1421 1423 1424 1426 1427 1429 1430 1432 1436 1442 1443 1452 1458 1461 1462 1473 1476 1477 1482 1483 1486 1488 1494 1503 1506 1508 1514 1528 1532 1536 1537 1540 1545 1546 1550 1557 1559 1562 1578 1580 1581 1582 1591 1601 1602 1604 1619 1622 1627 1630 1633 1634 1641 1645 1650 1658 1659 1660 1663 1664 1674 1677 1679 1680 1681 1695 1697 1703 1707 1709 1718 1724 1727 1731 1741 1742 1751 1761 1770 1773 1778 1786 1787 1792 1795 1803 1806 1810 1816 1818 1826 1835 1836 1838 1839 1849 1853 1854 1856 1857 1860 1864 1865 1869 1870 1871 1881 1895 1900 1901 1902 1904 1905 1909 1911 1912 1922 1929 1930 1932 1937 1942 1947 1948 1949 1950 1951 1958 1966 1967 1975 1976 1977 1978 1979 1981 1982 1983 1984 1985 1986 1990 1993 1994 
542 4
3 6 12 25 31 32 33 36 37 38 39 41 45 52 55 58 59 62 64 65 70 71 74 75 76 77 78 79 83 84 89 91 92 101 102 110 117 120 124 130 131 132 139 140 144 156 159 166 169 176 179 183 185 188 196 199 201 208 210 211 217 220 223 231 232 239 240 249 253 254 262 263 273 274 277 279 289 294 296 298 299 301 318 324 327 329 334 336 343 345 352 356 357 359 360 369 374 377 378 379 381 387 389 395 398 399 402 405 407 420 423 426 432 438 441 442 444 447 454 456 457 458 459 469 473 478 479 480 484 485 487 489 490 496 498 502 506 513 516 517 523 529 530 531 538 544 548 556 557 564 568 570 573 577 581 587 591 595 596 598 609 618 619 620 621 622 623 624 626 628 630 631 632 633 636 637 639 647 650 652 660 662 664 672 674 677 685 687 691 692 693 700 705 710 713 715 716 722 732 733 735 738 739 740 741 742 747 753 754 759 770 774 776 778 789 790 791 794 796 798 800 802 803 808 813 818 819 827 839 840 842 843 844 848 849 850 859 862 865 867 872 875 876 878 895 896 898 901 904 905 909 910 911 915 919 926 929 930 932 935 936 942 946 955 959 961 965 967 968 972 977 978 982 989 992 993 994 995 997 1001 1003 1006 1013 1014 1015 1018 1021 1028 1029 1030 1034 1037 1041 1042 1043 1048 1049 1050 1053 1058 1061 1069 1070 1082 1089 1097 1101 1106 1107 1112 1118 1121 1122 1125 1132 1136 1145 1147 1148 1154 1161 1162 1166 1169 1171 1174 1178 1179 1180 1182 1191 1203 1206 1210 1213 1216 1225 1234 1236 1244 1249 1253 1255 1262 1265 1267 1269 1273 1274 1277 1278 1285 1303 1306 1316 1328 1329 1335 1338 1358 1367 1372 1373 1379 1380 1382 1385 1389 1392 1398 1407 1410 1413 1419 1422 1423 1424 1425 1429 1436 1437 1444 1445 1447 1449 1452 1456 1459 1462 1464 1467 1471 1475 1476 1477 1479 1480 1485 1488 1489 1490 1492 1493 1500 1502 1504 1505 1511 1512 1517 1519 1522 1523 1531 1532 1534 1538 1541 1544 1546 1550 1551 1553 1560 1561 1570 1573 1577 1579 1581 1583 1589 1591 1600 1606 1612 1615 1616 1618 1620 1624 1631 1632 1635 1636 1640 1641 1642 1649 1651 1653 1654 1658 1660 1661 1662 1663 1667 1668 1669 1677 1681 1683 1689 1694 1698 1706 1707 1715 1716 1717 1719 1722 1734 1738 1747 1749 1752 1753 1774 1776 1777 1781 1791 1795 1796 1799 1804 1808 1817 1818 1820 1822 1825 1828 1831 1842 1848 1852 1866 1867 1869 1870 1871 1872 1875 1882 1883 1890 1891 1898 1902 1903 1905 1907 1911 1912 1914 1922 1926 1932 1940 1945 1951 1954 1956 1961 1962 1963 1966 1967 1968 1970 1972 1982 1983 1985 1986 1989 1990 1991 1992 
1 1
1133 
1 2
808 
1 2
453 
1 1
1051 
1 1
829 
2 1
309 657 
1 1
1595 
559 3
4 5 13 14 18 20 22 27 28 30 31 37 42 43 46 47 48 49 53 55 57 61 65 68 69 70 101 104 107 112 114 118 121 123 125 126 134 136 142 143 156 158 163 165 169 170 171 178 184 185 186 187 188 189 195 202 204 206 210 215 216 223 225 228 229 232 234 244 245 255 260 264 269 271 276 283 288 291 298 301 314 315 317 323 330 331 332 339 344 346 347 349 351 354 357 367 369 374 377 382 383 384 395 400 407 408 409 413 414 416 417 418 419 420 421 425 430 431 437 446 448 450 451 452 456 457 460 466 469 470 480 482 485 487 488 494 499 500 511 514 518 519 520 521 529 536 537 539 542 549 555 560 561 567 569 574 575 577 578 581 589 593 598 600 601 602 603 610 616 623 624 626 629 630 636 643 647 648 659 661 666 671 672 673 675 678 681 683 691 692 695 702 705 706 711 716 718 719 722 725 726 735 738 739 742 749 750 759 761 770 771 773 779 785 790 792 793 795 797 800 803 804 818 820 822 824 832 836 847 850 851 854 856 857 859 860 864 865 866 870 874 875 877 885 886 889 890 894 895 897 903 905 907 915 918 922 923 926 930 934 937 939 940 942 946 948 949 950 955 964 966 967 973 975 977 982 986 995 1001 1004 1008 1012 1016 1017 1018 1034 1035 1037 1038 1042 1049 1053 1056 1060 1065 1067 1078 1079 1087 1089 1099 1101 1103 1105 1107 1117 1121 1122 1125 1129 1130 1135 1140 1143 1151 1153 1154 1158 1163 1164 1168 1170 1172 1173 1177 1190 1197 1200 1210 1215 1217 1223 1227 1228 1232 1238 1239 1241 1243 1245 1251 1254 1255 1257 1259 1260 1266 1277 1279 1282 1283 1285 1287 1288 1291 1295 1303 1305 1306 1311 1312 1313 1315 1320 1323 1329 1330 1332 1344 1350 1356 1358 1361 1362 1364 1365 1366 1376 1379 1380 1386 1388 1393 1394 1398 1400 1401 1402 1411 1412 1421 1422 1423 1425 1429 1437 1447 1449 1450 1452 1454 1455 1456 1460 1461 1466 1472 1478 1494 1497 1501 1505 1511 1514 1517 1520 1522 1523 1524 1528 1537 1544 1547 1554 1555 1556 1558 1559 1564 1566 1567 1575 1580 1581 1582 1583 1593 1600 1602 1605 1607 1613 1621 1625 1627 1633 1637 1638 1640 1647 1649 1655 1663 1665 1669 1675 1676 1680 1683 1684 1689 1690 1691 1699 1700 1704 1706 1710 1714 1719 1720 1721 1724 1731 1733 1734 1735 1745 1749 1750 1753 1755 1756 1757 1761 1762 1764 1766 1768 1771 1772 1778 1781 1782 1785 1789 1790 1792 1795 1800 1801 1803 1806 1811 1812 1814 1817 1826 1829 1830 1831 1832 1838 1854 1856 1858 1862 1865 1869 1873 1877 1880 1881 1885 1886 1888 1891 1894 1896 1900 1902 1909 1911 1917 1923 1930 1931 1933 1938 1939 1940 1943 1944 1946 1954 1955 1962 1963 1967 1968 1973 1975 1977 1979 1983 1984 1987 1993 1994 
1 1
1773 
2 4
32 1662 
1 3
10 
593 3
8 9 12 13 16 17 25 30 36 37 38 46 48 50 51 53 55 57 60 64 65 66 70 75 78 81 86 88 90 95 99 102 105 112 119 122 124 126 128 135 139 143 144 146 147 152 161 162 164 165 166 169 178 181 184 185 186 187 188 189 193 197 198 199 202 208 215 219 221 222 225 226 230 233 238 243 247 248 254 256 259 261 267 271 274 276 281 286 287 293 294 295 301 305 307 310 313 318 321 322 326 328 331 333 337 338 340 344 351 354 360 362 365 371 376 377 383 388 393 397 398 406 407 410 412 413 414 415 420 422 425 434 435 438 439 442 448 452 454 457 459 461 462 465 469 470 471 472 473 474 477 479 481 482 490 493 498 501 502 503 505 506 508 509 510 511 517 518 521 523 525 535 537 539 541 543 548 549 552 554 564 570 572 575 580 581 582 591 594 596 597 600 606 607 609 613 615 617 618 621 623 624 626 627 631 633 639 642 643 649 654 659 666 676 683 685 686 687 689 698 700 701 704 707 711 719 723 724 729 730 731 732 735 737 738 739 740 741 749 758 759 763 765 766 771 773 775 781 785 786 790 792 793 794 795 797 798 802 803 813 818 821 833 835 840 850 851 852 853 863 864 867 873 875 877 878 881 882 883 884 889 891 895 903 908 913 917 924 925 930 931 936 937 938 940 945 948 951 953 956 957 961 970 972 974 976 978 983 984 989 996 997 998 1003 1006 1017 1018 1020 1027 1031 1032 1034 1037 1042 1043 1044 1046 1048 1057 1064 1065 1070 1074 1075 1076 1078 1085 1087 1088 1091 1092 1095 1099 1106 1111 1112 1121 1122 1125 1126 1128 1129 1132 1135 1137 1140 1141 1144 1148 1152 1161 1164 1169 1170 1172 1178 1180 1183 1184 1192 1196 1202 1205 1206 1207 1208 1211 1214 1217 1218 1219 1221 1222 1227 1229 1230 1231 1232 1235 1236 1238 1242 1247 1254 1260 1262 1263 1265 1266 1267 1273 1275 1281 1283 1289 1302 1308 1311 1317 1318 1330 1333 1344 1346 1353 1354 1355 1367 1373 1375 1381 1388 1392 1394 1401 1402 1406 1408 1410 1413 1415 1417 1418 1425 1426 1430 1437 1442 1443 1446 1447 1451 1452 1455 1456 1459 1463 1465 1473 1474 1476 1479 1481 1484 1485 1487 1490 1500 1501 1504 1506 1507 1509 1510 1514 1515 1519 1522 1526 1527 1529 1534 1541 1549 1552 1553 1556 1558 1559 1561 1563 1564 1572 1574 1577 1582 1586 1588 1591 1597 1599 1600 1605 1608 1609 1611 1612 1614 1616 1631 1632 1634 1643 1647 1651 1664 1668 1669 1674 1683 1687 1688 1693 1695 1700 1702 1703 1712 1714 1719 1720 1723 1724 1729 1730 1735 1738 1748 1749 1752 1753 1754 1761 1762 1765 1769 1771 1781 1785 1799 1801 1802 1803 1807 1808 1812 1820 1824 1826 1828 1829 1834 1840 1841 1844 1846 1857 1862 1863 1864 1865 1869 1875 1876 1881 1888 1895 1898 1906 1910 1911 1917 1936 1941 1942 1946 1956 1958 1960 1964 1965 1967 1973 1974 1980 1981 1982 1983 1985 1987 1988 1990 1994 
550 4
3 8 10 13 20 23 25 26 28 30 35 38 39 43 54 56 59 61 62 63 65 70 83 86 87 89 90 92 98 102 107 109 117 119 125 126 134 136 141 143 144 147 148 149 153 155 161 169 174 176 179 180 181 183 196 197 201 202 208 213 215 218 220 221 224 227 228 235 237 239 243 246 247 249 253 254 256 260 262 265 270 283 284 286 288 294 295 298 300 301 304 305 307 308 312 315 317 318 320 325 331 333 334 336 338 346 348 349 354 355 361 366 370 372 379 380 384 386 390 403 404 406 414 416 417 419 420 426 429 431 433 443 448 458 460 463 469 473 474 475 479 481 485 489 492 493 497 500 508 512 516 517 519 524 525 530 533 534 540 542 548 560 561 574 575 582 587 588 590 591 598 601 602 615 616 618 619 624 643 651 653 654 656 657 660 664 674 676 680 682 685 687 691 693 694 696 697 698 700 719 731 734 737 739 743 745 752 753 755 756 759 763 765 767 772 775 786 789 790 791 793 794 796 797 802 815 819 822 824 827 828 829 832 836 839 851 854 857 858 869 877 880 881 887 888 893 895 904 906 909 916 920 929 932 933 936 940 941 943 946 960 964 967 972 975 979 982 988 990 991 999 1005 1007 1009 1010 1011 1017 1019 1021 1022 1030 1039 1044 1045 1047 1052 1055 1062 1068 1070 1075 1076 1079 1080 1090 1098 1103 1105 1111 1113 1135 1139 1145 1147 1155 1160 1166 1173 1179 1180 1184 1186 1189 1192 1197 1199 1200 1204 1209 1211 1214 1220 1222 1223 1225 1226 1235 1241 1248 1254 1256 1259 1263 1265 1266 1269 1271 1272 1274 1280 1285 1289 1293 1295 1297 1299 1300 1304 1305 1307 1310 1311 1317 1323 1328 1329 1330 1338 1345 1346 1350 1356 1360 1364 1365 1367 1370 1373 1375 1382 1393 1395 1408 1412 1413 1417 1419 1421 1423 1427 1432 1435 1437 1439 1440 1441 1444 1445 1450 1454 1459 1461 1467 1472 1474 1481 1487 1490 1492 1499 1501 1506 1513 1516 1518 1520 1523 1527 1528 1530 1533 1535 1541 1547 1550 1553 1554 1555 1562 1564 1565 1566 1568 1570 1573 1579 1580 1583 1586 1594 1595 1597 1598 1600 1602 1604 1611 1612 1618 1619 1622 1628 1635 1636 1639 1643 1646 1648 1658 1662 1665 1668 1673 1674 1679 1684 1686 1689 1691 1698 1700 1701 1702 1703 1704 1711 1712 1715 1720 1724 1726 1727 1731 1733 1744 1745 1746 1747 1754 1757 1759 1762 1763 1765 1768 1769 1773 1774 1781 1782 1783 1784 1786 1787 1789 1792 1796 1797 1802 1803 1809 1817 1818 1824 1830 1832 1833 1846 1853 1856 1860 1870 1872 1874 1876 1878 1884 1886 1888 1896 1899 1901 1902 1907 1910 1913 1915 1924 1928 1933 1934 1940 1941 1944 1946 1954 1956 1961 1966 1968 1971 1975 1977 1984 1985 1986 1988 1992 1996 1998 
586 3
8 10 12 13 19 20 23 24 29 30 31 44 47 49 53 57 58 62 63 66 68 72 77 78 79 81 83 85 89 91 102 103 106 109 116 120 135 137 141 146 147 149 159 161 170 172 175 181 182 184 186 190 192 196 197 203 204 205 208 211 216 221 222 223 225 226 228 232 235 242 252 253 260 262 264 271 274 275 277 279 280 281 284 285 287 293 296 298 303 305 307 313 315 316 320 322 323 329 333 334 335 336 337 343 348 351 357 359 364 365 369 370 373 377 393 394 398 400 407 414 425 427 433 434 437 440 443 444 449 453 455 456 458 461 462 466 469 470 471 474 475 476 477 484 488 490 491 493 495 496 497 500 501 503 505 507 511 517 520 524 527 528 530 535 539 542 543 548 555 561 563 567 569 572 575 576 577 582 583 586 590 592 602 608 613 615 617 618 620 628 629 636 640 641 653 661 666 673 674 677 679 680 683 684 692 694 697 700 701 712 713 719 720 722 724 727 731 732 739 742 754 760 761 764 767 772 775 776 780 782 784 785 786 789 791 795 798 801 808 810 811 813 814 815 818 823 825 827 829 830 835 837 846 849 860 861 863 866 869 875 876 877 883 888 890 894 896 898 900 904 906 910 912 914 916 919 921 922 937 941 945 947 948 949 963 966 969 971 975 977 978 979 999 1004 1006 1010 1014 1018 1020 1022 1024 1025 1030 1031 1033 1036 1040 1044 1046 1058 1062 1066 1070 1081 1084 1102 1106 1107 1110 1111 1113 1125 1126 1131 1137 1141 1144 1146 1149 1155 1160 1162 1163 1167 1170 1171 1175 1176 1186 1195 1198 1199 1203 1205 1211 1212 1214 1215 1216 1222 1228 1229 1238 1239 1241 1243 1244 1248 1252 1256 1262 1274 1277 1283 1290 1292 1295 1296 1300 1301 1305 1307 1308 1309 1310 1312 1330 1331 1332 1334 1336 1337 1343 1347 1351 1352 1354 1359 1360 1362 1364 1366 1371 1372 1374 1376 1378 1379 1381 1384 1389 1392 1394 1395 1401 1402 1405 1408 1410 1415 1418 1419 1425 1427 1431 1432 1433 1435 1439 1440 1441 1443 1444 1445 1446 1448 1449 1450 1453 1455 1456 1457 1458 1466 1467 1470 1473 1474 1477 1488 1497 1499 1506 1512 1514 1520 1522 1529 1531 1548 1550 1557 1561 1563 1565 1576 1581 1584 1585 1588 1591 1599 1602 1604 1606 1613 1614 1615 1618 1620 1622 1626 1627 1628 1648 1650 1655 1657 1659 1660 1662 1670 1672 1676 1678 1682 1685 1686 1689 1696 1697 1698 1701 1703 1705 1709 1710 1715 1719 1725 1726 1733 1738 1740 1744 1746 1749 1750 1752 1757 1758 1760 1762 1766 1769 1774 1788 1790 1793 1799 1802 1806 1809 1811 1814 1818 1819 1822 1823 1826 1827 1830 1831 1839 1840 1846 1847 1848 1849 1851 1856 1864 1866 1869 1872 1874 1877 1878 1879 1881 1882 1885 1886 1893 1894 1895 1902 1903 1904 1905 1907 1908 1910 1918 1921 1922 1924 1931 1934 1936 1939 1946 1948 1950 1951 1957 1958 1959 1960 1965 1969 1972 1977 1983 1993 1997 
1 1
1114 
588 5
5 6 12 23 29 34 36 40 50 51 52 55 56 57 58 61 64 65 67 68 70 73 75 84 85 86 87 90 91 99 102 103 105 107 111 117 120 126 129 133 134 135 140 141 145 146 147 152 154 157 159 162 163 165 170 171 175 187 188 191 192 195 197 201 203 205 206 211 223 225 226 231 232 240 245 257 260 261 262 264 267 273 279 281 282 292 295 297 298 300 302 308 310 315 316 319 321 322 330 336 340 349 353 362 371 378 382 383 384 386 390 391 394 397 400 404 407 410 412 414 417 422 425 431 433 437 442 443 444 448 459 463 473 474 475 476 477 482 483 484 486 488 490 491 493 500 503 508 513 521 522 523 527 532 535 536 539 541 542 544 547 552 554 555 566 567 568 569 576 586 596 597 606 609 612 616 618 619 620 626 633 635 642 643 645 646 649 651 654 655 657 660 661 662 671 673 678 680 682 684 685 688 689 691 697 701 705 707 709 713 714 721 726 729 733 735 738 745 746 753 756 763 771 772 775 778 780 789 792 794 804 806 807 816 819 824 828 829 834 840 841 848 856 858 859 862 865 867 869 872 874 875 877 879 880 884 885 886 894 898 899 900 901 904 908 911 914 915 918 928 929 932 935 936 937 940 944 946 948 960 961 962 963 964 970 972 980 983 991 993 995 1000 1001 1013 1018 1019 1024 1025 1030 1035 1044 1047 1050 1054 1056 1057 1063 1064 1071 1079 1080 1082 1086 1100 1104 1105 1113 1114 1117 1119 1124 1128 1133 1134 1139 1142 1146 1152 1154 1156 1163 1166 1167 1171 1174 1176 1181 1185 1186 1193 1194 1196 1198 1200 1204 1206 1208 1209 1210 1212 1213 1216 1223 1224 1225 1226 1227 1232 1233 1235 1236 1240 1242 1243 1244 1250 1253 1261 1262 1271 1276 1279 1288 1290 1293 1299 1300 1302 1305 1307 1309 1310 1313 1318 1320 1322 1329 1333 1334 1336 1338 1348 1353 1355 1356 1360 1370 1371 1374 1376 1377 1378 1379 1382 1388 1391 1393 1395 1397 1408 1412 1416 1421 1422 1423 1424 1425 1428 1429 1430 1434 1435 1439 1441 1442 1447 1450 1453 1456 1463 1465 1468 1470 1473 1474 1476 1480 1483 1485 1489 1491 1496 1502 1504 1505 1517 1526 1528 1531 1538 1539 1546 1548 1551 1556 1557 1558 1561 1562 1564 1570 1571 1583 1584 1591 1594 1598 1601 1607 1608 1609 1611 1612 1617 1626 1628 1633 1638 1640 1641 1643 1644 1652 1653 1655 1657 1658 1660 1661 1668 1675 1676 1678 1679 1681 1682 1687 1691 1694 1700 1701 1705 1707 1716 1717 1720 1725 1728 1731 1734 1737 1744 1748 1750 1755 1758 1761 1762 1766 1767 1768 1772 1774 1775 1781 1782 1784 1785 1786 1787 1788 1789 1791 1794 1796 1797 1803 1804 1805 1807 1814 1817 1824 1826 1827 1831 1838 1839 1843 1845 1848 1851 1855 1857 1858 1859 1860 1863 1867 1871 1872 1877 1878 1882 1891 1893 1895 1907 1908 1917 1924 1925 1927 1928 1930 1933 1935 1946 1948 1949 1954 1976 1981 1982 1983 1992 1993 1996 
573 3
9 11 13 14 21 23 31 32 33 36 40 43 49 50 53 55 58 61 66 69 70 72 76 77 79 83 87 88 89 91 92 95 96 99 100 102 105 108 110 115 119 120 121 122 123 124 133 135 145 159 165 166 168 178 179 182 187 191 196 197 203 204 206 208 209 210 213 220 222 223 226 233 234 237 248 250 264 267 269 275 277 283 288 290 292 294 296 298 299 301 314 319 325 334 335 337 340 343 346 349 351 354 355 357 360 361 364 373 376 380 384 385 387 388 393 399 400 404 406 407 412 413 415 417 424 425 426 428 429 435 436 439 443 445 448 458 459 465 466 468 472 474 475 476 485 486 490 493 496 500 505 506 507 508 517 518 520 521 522 523 525 526 531 534 537 540 549 558 562 563 567 573 582 594 600 601 602 607 613 617 619 622 624 641 643 644 655 656 659 662 667 672 682 684 689 697 698 702 703 715 716 717 719 721 724 728 732 735 741 748 749 751 756 759 764 767 768 769 772 780 783 793 796 798 799 802 807 815 816 817 818 821 823 828 829 831 833 834 836 838 839 841 842 844 845 850 857 866 867 869 872 873 879 881 882 883 888 896 902 905 906 907 909 912 915 918 926 931 938 939 940 941 944 946 947 951 952 953 955 967 985 987 989 991 1002 1004 1012 1013 1014 1027 1029 1033 1040 1041 1044 1047 1052 1059 1067 1068 1074 1087 1088 1089 1096 1098 1099 1102 1108 1115 1118 1120 1121 1126 1128 1129 1131 1132 1134 1136 1140 1151 1158 1167 1174 1181 1186 1188 1196 1198 1201 1206 1207 1213 1215 1217 1226 1231 1234 1237 1238 1240 1242 1245 1246 1247 1249 1250 1259 1260 1263 1267 1270 1274 1275 1283 1285 1288 1290 1300 1302 1303 1312 1315 1316 1317 1323 1324 1334 1335 1336 1338 1339 1340 1341 1342 1344 1349 1350 1351 1354 1357 1361 1365 1366 1367 1368 1369 1370 1374 1376 1377 1378 1380 1382 1383 1386 1388 1390 1395 1397 1403 1404 1407 1408 1411 1417 1419 1420 1423 1424 1427 1433 1434 1435 1436 1439 1443 1446 1449 1453 1462 1465 1469 1471 1474 1478 1484 1486 1487 1489 1491 1498 1503 1507 1509 1510 1513 1518 1521 1525 1527 1529 1530 1532 1538 1539 1540 1541 1542 1543 1544 1549 1557 1562 1564 1566 1581 1587 1595 1603 1604 1608 1623 1627 1628 1629 1633 1635 1639 1641 1646 1648 1651 1655 1656 1660 1664 1668 1676 1678 1682 1684 1688 1689 1690 1697 1701 1704 1705 1708 1712 1717 1723 1724 1726 1730 1732 1733 1735 1736 1737 1745 1746 1748 1752 1753 1756 1757 1762 1763 1767 1768 1774 1778 1783 1785 1786 1799 1804 1805 1806 1808 1810 1820 1828 1829 1830 1831 1832 1836 1840 1846 1848 1849 1862 1863 1867 1868 1870 1872 1885 1888 1893 1899 1900 1902 1912 1913 1916 1919 1927 1928 1930 1936 1940 1944 1951 1952 1954 1956 1957 1965 1968 1969 1970 1977 1979 1984 1986 1988 1990 2000 
1 1
1687 
1 1
1372 
2 1
427 1871 
549 5
3 5 8 13 14 15 18 21 24 25 28 34 37 46 47 50 51 52 58 61 63 68 75 89 90 92 101 103 104 105 107 108 110 114 119 122 123 126 139 149 150 154 158 162 168 179 181 185 193 194 195 196 203 204 205 210 213 216 229 235 248 252 256 258 260 267 268 272 276 279 281 283 284 285 292 293 303 308 310 311 314 329 332 333 334 336 337 338 349 351 360 362 364 365 372 383 386 389 390 392 394 395 396 401 402 403 414 415 418 420 429 432 439 441 449 450 460 461 465 467 470 471 473 475 479 481 489 491 492 494 502 521 523 524 525 529 531 537 541 560 562 564 569 574 578 591 592 593 594 601 603 607 611 621 623 624 631 645 650 651 655 666 674 676 678 682 687 688 691 694 695 698 700 704 705 710 711 715 718 719 727 728 730 733 734 741 743 746 751 764 768 770 771 777 779 787 788 789 792 794 799 801 804 808 813 814 815 819 825 827 828 829 831 833 836 846 848 861 862 866 870 873 876 879 881 884 886 887 890 893 895 897 899 903 906 910 914 916 918 921 924 936 937 940 944 947 948 951 952 953 954 956 964 966 970 973 974 979 982 986 997 998 999 1008 1031 1032 1034 1038 1041 1043 1047 1053 1055 1057 1059 1062 1063 1066 1067 1068 1069 1089 1091 1092 1094 1095 1107 1114 1121 1128 1133 1137 1145 1148 1154 1157 1161 1168 1172 1178 1179 1180 1181 1183 1186 1188 1189 1192 1207 1211 1213 1219 1220 1221 1224 1226 1234 1235 1239 1240 1244 1245 1247 1255 1261 1264 1266 1267 1268 1272 1275 1277 1278 1279 1280 1281 1283 1284 1288 1289 1290 1295 1297 1301 1302 1307 1309 1315 1317 1318 1321 1327 1329 1332 1338 1341 1342 1350 1351 1357 1358 1363 1364 1366 1368 1372 1377 1378 1380 1382 1383 1384 1385 1387 1388 1391 1395 1402 1405 1407 1412 1418 1419 1422 1423 1424 1425 1426 1446 1449 1451 1452 1453 1455 1456 1464 1472 1476 1483 1484 1485 1489 1491 1494 1500 1510 1511 1512 1513 1517 1522 1523 1524 1528 1531 1534 1536 1544 1553 1554 1563 1564 1566 1581 1586 1595 1596 1599 1601 1606 1609 1612 1614 1615 1622 1627 1628 1629 1630 1631 1634 1635 1646 1649 1650 1651 1652 1659 1660 1663 1666 1668 1678 1682 1686 1687 1694 1696 1698 1699 1700 1705 1707 1709 1713 1717 1719 1725 1727 1730 1732 1733 1736 1737 1745 1747 1750 1751 1755 1756 1761 1771 1774 1775 1776 1777 1778 1780 1781 1783 1787 1788 1789 1791 1798 1815 1816 1820 1826 1828 1829 1831 1834 1843 1845 1846 1849 1855 1856 1859 1860 1861 1864 1867 1868 1872 1873 1874 1877 1878 1879 1880 1884 1888 1889 1895 1898 1901 1915 1923 1924 1927 1929 1930 1931 1937 1938 1939 1941 1943 1946 1969 1972 1976 1977 1989 1997 1999 2000 
557 3
2 3 4 7 12 14 22 23 25 27 28 30 42 44 51 59 63 67 69 76 81 83 85 87 91 92 97 100 103 106 112 113 114 128 129 137 141 144 145 146 147 149 157 159 161 167 172 173 175 181 182 183 184 187 191 195 197 199 204 205 207 210 213 216 219 221 230 237 238 247 252 258 259 264 267 268 276 280 281 288 290 298 300 306 310 311 312 317 321 323 329 332 338 339 342 351 357 361 367 369 370 371 378 379 380 388 393 397 407 408 409 420 422 423 427 428 430 434 440 441 442 443 449 452 453 456 468 474 482 498 499 500 503 505 509 510 513 526 532 539 542 543 544 546 551 553 554 561 562 563 575 578 580 583 587 588 606 609 614 615 616 626 629 630 631 632 636 638 640 643 646 647 648 650 651 652 664 665 666 671 678 679 681 685 688 690 703 705 707 710 713 719 722 723 724 725 730 740 741 742 749 754 756 757 765 766 778 784 786 787 790 794 796 797 801 805 808 809 810 812 814 817 825 826 828 837 839 847 849 859 861 862 863 867 868 873 874 875 876 879 886 887 891 897 906 912 915 920 921 925 926 929 930 933 935 936 938 939 942 948 954 960 961 966 973 983 985 989 994 995 996 997 1000 1001 1004 1014 1017 1018 1030 1031 1036 1037 1038 1047 1049 1054 1059 1062 1067 1070 1072 1076 1080 1084 1086 1087 1088 1093 1096 1100 1101 1113 1119 1122 1128 1129 1130 1134 1135 1141 1145 1149 1154 1158 1161 1182 1183 1199 1201 1203 1205 1206 1207 1213 1217 1222 1227 1230 1249 1251 1253 1261 1264 1272 1273 1274 1276 1278 1280 1281 1283 1288 1292 1296 1297 1301 1302 1305 1308 1309 1313 1314 1317 1320 1321 1322 1324 1325 1329 1336 1337 1338 1342 1343 1349 1350 1351 1352 1353 1357 1360 1362 1367 1383 1387 1388 1391 1399 1401 1403 1408 1410 1413 1416 1417 1420 1425 1427 1428 1429 1433 1438 1440 1447 1449 1453 1459 1461 1464 1465 1466 1469 1478 1485 1487 1491 1494 1495 1496 1499 1504 1511 1512 1515 1524 1525 1527 1532 1535 1538 1542 1546 1548 1549 1550 1552 1555 1558 1559 1562 1568 1569 1570 1575 1576 1577 1578 1579 1587 1600 1602 1605 1607 1608 1617 1623 1624 1625 1627 1629 1634 1635 1639 1642 1643 1646 1647 1648 1649 1650 1653 1655 1658 1666 1671 1680 1686 1687 1702 1704 1706 1711 1717 1720 1724 1733 1740 1744 1752 1754 1757 1761 1763 1765 1770 1772 1778 1782 1789 1798 1802 1805 1806 1807 1808 1810 1811 1816 1823 1824 1829 1836 1837 1838 1841 1848 1850 1852 1853 1854 1867 1876 1880 1881 1883 1884 1887 1893 1894 1897 1898 1899 1900 1904 1905 1909 1913 1916 1918 1922 1924 1926 1927 1928 1929 1935 1938 1943 1945 1946 1952 1954 1956 1958 1961 1962 1965 1966 1969 1973 1976 1979 1986 1987 1991 1992 1994 
550 3
2 5 6 8 10 12 13 14 18 29 35 38 39 44 47 54 55 56 61 63 65 69 70 71 72 77 86 87 89 93 95 96 100 101 102 103 106 107 112 116 117 118 125 127 129 131 133 137 145 152 153 158 159 160 163 164 175 177 179 183 184 188 191 198 204 207 208 213 216 218 219 220 221 227 231 235 237 246 249 252 254 255 258 260 268 273 277 280 287 291 295 297 299 301 306 312 314 318 319 321 325 342 348 354 356 359 360 371 380 390 398 399 400 401 406 408 409 411 413 416 417 418 421 423 424 432 433 436 437 439 441 442 450 452 455 458 464 465 468 476 483 484 486 489 497 499 503 505 512 518 525 528 533 537 538 539 540 541 543 545 553 555 559 560 561 564 566 568 577 578 585 591 595 601 608 611 613 617 620 623 624 626 634 638 639 641 642 643 645 646 647 648 656 657 658 659 670 672 673 678 681 684 699 705 706 707 709 710 713 714 715 719 721 725 728 731 734 735 736 740 741 742 753 758 768 772 773 776 777 779 783 788 794 795 799 801 802 806 811 824 828 831 833 835 844 847 850 851 857 864 866 867 872 876 877 881 883 886 887 890 895 897 899 912 920 922 930 931 935 936 937 940 946 947 948 950 951 954 958 959 964 966 970 975 976 985 988 989 990 994 995 1004 1006 1008 1016 1017 1020 1027 1032 1033 1039 1040 1041 1044 1049 1053 1070 1076 1084 1085 1091 1097 1098 1103 1109 1111 1115 1116 1120 1125 1128 1130 1132 1146 1148 1150 1152 1156 1161 1167 1169 1178 1182 1186 1189 1190 1191 1195 1196 1198 1199 1201 1203 1206 1214 1220 1221 1229 1243 1245 1247 1250 1251 1252 1259 1263 1264 1272 1274 1281 1286 1287 1289 1290 1293 1297 1299 1302 1304 1306 1312 1315 1321 1322 1323 1325 1326 1335 1342 1343 1344 1345 1347 1350 1351 1355 1356 1362 1363 1364 1368 1377 1383 1386 1388 1390 1398 1399 1407 1411 1412 1420 1422 1424 1426 1429 1430 1437 1441 1444 1456 1463 1464 1471 1475 1480 1486 1487 1492 1493 1494 1497 1503 1506 1508 1513 1514 1515 1516 1520 1524 1527 1544 1546 1552 1555 1561 1567 1569 1571 1573 1581 1585 1590 1598 1601 1603 1604 1607 1610 1612 1613 1633 1639 1641 1643 1646 1653 1654 1657 1660 1668 1675 1679 1683 1685 1690 1692 1693 1694 1695 1697 1705 1707 1714 1717 1718 1721 1725 1727 1736 1742 1746 1751 1753 1761 1765 1772 1773 1781 1783 1786 1787 1792 1796 1802 1809 1810 1811 1813 1814 1816 1819 1821 1822 1831 1853 1854 1858 1862 1866 1867 1871 1872 1875 1877 1878 1879 1882 1885 1894 1898 1899 1911 1913 1915 1916 1919 1922 1924 1938 1943 1944 1945 1946 1953 1958 1965 1966 1977 1978 1984 1985 1986 1987 1991 1992 1995 1996 1997 
1 1
1861 
1 1
1660 
1 2
1545 
2 1
27 1651 
1 1
1879 
567 3
3 4 5 6 16 20 21 23 25 29 31 34 48 49 51 52 53 56 60 61 65 68 69 76 78 82 83 88 96 97 101 103 104 105 114 115 118 122 124 128 133 135 136 138 139 140 144 147 148 153 155 159 163 169 170 175 178 198 201 202 207 209 213 215 222 230 234 235 237 242 245 246 254 259 263 265 270 272 274 280 282 284 286 287 296 299 304 308 310 312 314 320 326 328 332 343 345 346 351 357 359 361 362 366 368 383 388 391 394 408 413 420 421 422 426 428 430 433 434 437 440 443 453 454 457 464 465 472 475 480 481 484 486 489 494 495 500 501 503 505 510 511 515 516 521 527 534 542 554 556 569 576 579 584 594 595 598 599 601 611 616 618 620 631 634 635 637 638 641 643 644 647 648 650 651 657 663 664 665 678 682 685 687 689 690 692 696 698 702 703 704 707 709 716 726 728 730 734 736 739 740 745 746 748 751 753 766 767 773 776 778 788 792 793 795 799 805 808 814 819 826 827 828 831 832 835 845 847 848 854 855 857 858 859 861 871 873 875 876 880 883 895 896 901 902 905 909 911 915 916 919 926 928 939 942 943 944 946 949 951 953 957 961 963 965 968 972 973 975 976 981 982 983 987 991 995 998 999 1002 1003 1007 1008 1014 1018 1020 1025 1027 1028 1030 1031 1032 1033 1035 1037 1044 1053 1056 1057 1059 1060 1065 1066 1070 1071 1075 1078 1083 1084 1087 1091 1099 1101 1102 1108 1120 1122 1123 1125 1127 1130 1132 1133 1136 1137 1139 1143 1157 1158 1159 1162 1164 1167 1168 1172 1173 1174 1189 1192 1195 1198 1200 1204 1223 1227 1229 1230 1233 1237 1241 1242 1243 1247 1251 1255 1256 1259 1262 1266 1276 1283 1285 1293 1294 1296 1298 1299 1303 1305 1306 1310 1315 1319 1320 1325 1326 1327 1330 1333 1337 1339 1342 1343 1344 1349 1352 1353 1354 1355 1357 1358 1359 1369 1379 1380 1394 1397 1398 1403 1406 1411 1413 1417 1427 1428 1430 1434 1436 1439 1440 1444 1449 1451 1457 1465 1469 1470 1473 1491 1492 1501 1502 1503 1506 1509 1511 1513 1514 1522 1525 1526 1528 1530 1531 1540 1543 1550 1552 1556 1563 1564 1567 1569 1570 1571 1572 1575 1578 1585 1586 1588 1593 1595 1600 1606 1609 1610 1614 1622 1625 1637 1641 1647 1648 1649 1658 1663 1667 1675 1682 1685 1687 1690 1693 1694 1697 1698 1700 1702 1703 1705 1709 1710 1711 1716 1717 1723 1725 1726 1728 1729 1740 1742 1744 1745 1748 1751 1752 1753 1758 1763 1766 1767 1769 1770 1772 1773 1777 1778 1780 1792 1794 1796 1803 1807 1813 1820 1824 1825 1826 1827 1828 1833 1834 1842 1846 1847 1848 1856 1864 1866 1872 1875 1880 1882 1885 1891 1896 1901 1909 1911 1914 1917 1918 1919 1921 1928 1933 1935 1937 1939 1940 1947 1952 1956 1962 1968 1972 1976 1977 1981 1982 1984 1985 1990 1993 1995 1997 
1 1
1537 
563 3
3 6 9 11 15 16 30 32 36 46 49 53 54 58 60 66 67 70 75 76 81 84 87 90 94 97 103 104 105 110 116 123 128 130 131 132 142 146 150 157 168 169 181 187 194 197 199 200 201 202 204 205 208 209 211 212 213 224 225 226 227 228 235 238 243 246 250 252 254 257 259 260 263 269 271 272 273 277 290 291 293 298 309 312 313 317 319 323 324 325 328 330 333 335 337 338 346 347 349 351 353 354 360 374 375 378 379 380 383 387 388 390 394 396 403 407 408 409 419 425 426 429 435 437 439 446 453 455 457 463 465 469 473 476 477 478 480 482 486 489 492 498 499 501 506 509 512 514 516 520 522 539 540 542 546 551 557 568 570 572 573 576 580 581 595 605 609 610 612 615 616 617 619 620 631 635 636 642 643 647 648 650 652 655 659 663 672 677 678 679 684 689 690 691 695 697 699 700 702 704 706 708 709 710 712 713 714 718 720 724 725 729 734 736 739 740 743 746 749 752 754 756 758 765 768 769 770 771 773 774 779 780 785 788 793 796 800 802 809 816 821 827 829 830 832 835 837 844 849 851 853 854 858 866 882 883 888 893 895 896 898 899 909 911 912 915 920 924 928 934 936 943 946 956 958 969 970 973 974 977 978 981 985 992 995 996 997 1002 1004 1005 1006 1009 1011 1016 1021 1022 1024 1028 1034 1035 1037 1044 1045 1049 1050 1052 1055 1060 1063 1074 1076 1077 1090 1095 1096 1099 1102 1104 1108 1119 1120 1127 1129 1130 1131 1135 1136 1137 1139 1141 1148 1149 1150 1153 1155 1160 1164 1169 1171 1175 1177 1181 1187 1188 1193 1198 1199 1200 1202 1203 1204 1210 1217 1220 1227 1239 1244 1246 1248 1249 1250 1255 1257 1261 1271 1282 1283 1284 1288 1289 1292 1296 1298 1303 1311 1321 1322 1325 1329 1330 1331 1332 1333 1336 1337 1341 1342 1345 1354 1366 1367 1370 1371 1372 1374 1376 1383 1384 1386 1388 1394 1397 1400 1420 1426 1428 1429 1435 1436 1439 1440 1443 1444 1446 1451 1455 1459 1460 1461 1463 1468 1478 1479 1487 1489 1490 1491 1493 1505 1506 1510 1514 1515 1520 1523 1524 1529 1531 1532 1537 1540 1549 1552 1556 1557 1562 1563 1565 1567 1570 1573 1574 1582 1593 1594 1595 1596 1597 1603 1606 1609 1610 1614 1615 1622 1623 1626 1627 1628 1634 1635 1636 1640 1642 1646 1650 1652 1657 1658 1661 1665 1668 1669 1670 1682 1687 1688 1693 1696 1698 1706 1707 1711 1715 1721 1723 1725 1727 1728 1729 1734 1742 1743 1746 1753 1755 1759 1766 1769 1771 1780 1785 1786 1789 1790 1795 1798 1804 1816 1819 1825 1828 1829 1830 1832 1834 1836 1837 1844 1845 1848 1857 1861 1864 1866 1869 1872 1874 1884 1886 1889 1909 1915 1916 1923 1927 1934 1941 1942 1943 1949 1950 1951 1964 1973 1982 1983 1985 1989 1991 1993 1996 1997 
1 1
1766 
1 1
1897 
3 4
1623 1625 1811 
559 3
10 14 15 16 20 26 33 35 38 51 56 58 60 61 63 64 75 77 79 82 83 96 98 103 104 107 111 114 115 117 121 122 124 126 127 129 130 133 135 138 142 147 150 154 163 168 169 173 175 177 183 185 186 190 194 198 199 200 209 218 219 225 228 231 236 240 241 244 245 247 253 255 258 262 263 277 280 284 286 287 289 293 295 305 308 319 321 327 332 338 346 348 349 354 357 358 361 364 366 367 376 379 381 384 388 393 395 398 399 404 408 410 414 417 418 421 425 432 446 447 451 453 454 458 463 464 471 472 473 476 477 479 481 483 485 487 490 491 494 501 505 509 510 511 513 515 518 525 532 541 543 546 549 551 554 557 560 561 565 569 576 578 581 582 584 597 608 611 618 627 628 635 636 637 640 646 650 654 655 657 660 661 662 663 668 669 675 682 689 690 692 695 701 704 706 707 709 712 713 717 724 725 729 733 736 739 740 744 746 748 749 751 758 760 765 766 770 776 778 785 793 798 801 803 806 811 812 817 821 822 825 827 832 833 834 844 845 850 851 858 863 864 866 867 869 878 880 882 887 889 891 892 894 897 908 912 916 917 920 925 926 929 935 939 941 942 943 951 953 957 958 965 966 967 976 978 985 987 988 992 993 996 999 1007 1016 1018 1029 1033 1037 1039 1040 1052 1061 1075 1076 1078 1086 1093 1097 1098 1102 1103 1104 1107 1110 1114 1117 1119 1120 1121 1126 1128 1130 1142 1144 1154 1156 1162 1164 1165 1175 1176 1189 1191 1196 1198 1199 1201 1208 1211 1214 1221 1224 1225 1226 1227 1234 1235 1236 1242 1249 1254 1255 1260 1262 1265 1268 1272 1273 1275 1276 1277 1278 1279 1285 1286 1287 1293 1294 1300 1301 1302 1303 1306 1316 1335 1337 1343 1350 1351 1359 1362 1364 1366 1379 1380 1381 1383 1388 1391 1395 1399 1400 1407 1411 1414 1416 1419 1424 1426 1428 1429 1438 1441 1443 1445 1450 1452 1453 1461 1462 1466 1468 1471 1473 1480 1483 1493 1498 1499 1501 1504 1509 1513 1514 1518 1519 1520 1521 1524 1526 1530 1531 1533 1545 1546 1549 1555 1556 1561 1571 1580 1582 1585 1586 1588 1593 1594 1602 1604 1605 1609 1610 1636 1644 1648 1651 1654 1655 1663 1668 1669 1670 1676 1679 1682 1684 1686 1687 1692 1693 1694 1696 1698 1709 1710 1711 1714 1715 1722 1724 1725 1728 1729 1730 1731 1732 1734 1735 1738 1740 1741 1744 1749 1750 1753 1757 1759 1764 1765 1768 1770 1771 1772 1775 1782 1783 1784 1785 1789 1805 1806 1807 1817 1821 1825 1826 1830 1832 1834 1836 1839 1840 1842 1844 1846 1854 1855 1856 1863 1865 1868 1870 1875 1876 1882 1883 1888 1890 1897 1898 1900 1906 1907 1913 1916 1920 1931 1933 1935 1936 1937 1946 1950 1957 1958 1959 1960 1963 1966 1972 1973 1975 1976 1977 1979 1980 1995 1999 
521 3
4 8 10 11 14 15 25 27 47 55 59 60 62 68 74 76 79 84 89 93 98 100 101 103 105 110 127 128 130 132 133 135 143 148 150 156 161 165 167 171 172 174 176 179 181 182 187 191 192 196 203 208 212 214 216 218 221 230 231 232 233 241 243 249 250 251 254 258 265 271 280 282 286 296 307 313 317 319 322 325 326 329 339 340 342 346 351 353 354 357 359 362 364 371 380 392 396 402 410 419 421 427 428 433 435 442 443 447 450 451 453 455 456 464 465 467 472 481 482 493 500 504 505 513 514 517 519 528 534 535 539 540 545 549 554 558 564 570 581 586 588 598 601 603 605 610 616 621 630 636 645 646 651 657 664 667 671 678 679 680 684 685 691 694 695 696 699 701 702 703 705 706 708 710 713 714 721 722 726 727 732 736 742 746 753 756 757 758 765 770 778 782 785 786 792 795 807 808 809 810 821 824 825 826 828 829 837 842 844 849 858 866 867 872 876 877 882 885 894 895 897 898 905 911 926 932 934 935 943 944 945 952 955 963 964 968 969 971 982 987 990 996 997 1005 1010 1016 1020 1023 1024 1028 1029 1031 1032 1036 1041 1042 1043 1047 1055 1068 1070 1073 1075 1084 1087 1093 1096 1098 1104 1105 1106 1108 1112 1120 1121 1122 1130 1131 1133 1134 1139 1141 1142 1152 1154 1157 1158 1160 1161 1163 1168 1170 1176 1178 1184 1188 1189 1194 1196 1197 1202 1203 1205 1207 1208 1210 1214 1221 1222 1229 1235 1236 1251 1256 1262 1266 1271 1279 1284 1286 1290 1296 1299 1301 1303 1311 1319 1320 1327 1333 1335 1337 1341 1346 1348 1353 1355 1357 1358 1362 1372 1374 1376 1377 1379 1381 1385 1386 1390 1392 1394 1396 1398 1401 1409 1410 1411 1412 1415 1416 1417 1418 1419 1420 1421 1429 1432 1434 1437 1438 1440 1442 1444 1446 1447 1448 1449 1452 1464 1468 1469 1473 1480 1488 1490 1494 1495 1496 1500 1516 1525 1532 1535 1542 1546 1547 1559 1560 1561 1566 1568 1571 1576 1581 1586 1591 1596 1598 1599 1600 1604 1605 1609 1618 1621 1623 1624 1631 1632 1634 1636 1638 1644 1647 1653 1659 1662 1664 1665 1666 1667 1669 1672 1679 1681 1686 1692 1693 1700 1701 1702 1703 1705 1712 1713 1716 1721 1722 1728 1729 1740 1744 1756 1759 1760 1763 1764 1767 1768 1769 1771 1772 1775 1779 1799 1802 1806 1807 1811 1817 1819 1820 1829 1834 1837 1842 1848 1849 1851 1853 1855 1857 1864 1865 1867 1869 1873 1879 1884 1885 1887 1891 1896 1903 1905 1910 1914 1917 1920 1921 1928 1929 1933 1937 1940 1942 1947 1953 1954 1961 1966 1971 1974 1975 1977 1985 1986 1987 1988 1990 1993 
3 1
955 993 1438 
3 3
325 598 1029 
