25000
1 1
0
1 1
1
2 1
00
2 2
00
2 1
10
2 2
10
2 1
01
2 2
01
2 1
11
2 2
11
3 1
000
3 2
000
3 3
000
3 1
100
3 2
100
3 3
100
3 1
010
3 2
010
3 3
010
3 1
110
3 2
110
3 3
110
3 1
001
3 2
001
3 3
001
3 1
101
3 2
101
3 3
101
3 1
011
3 2
011
3 3
011
3 1
111
3 2
111
3 3
111
4 1
0000
4 2
0000
4 3
0000
4 4
0000
4 1
1000
4 2
1000
4 3
1000
4 4
1000
4 1
0100
4 2
0100
4 3
0100
4 4
0100
4 1
1100
4 2
1100
4 3
1100
4 4
1100