1000 1000
265 851 465
4 265 145
4 77 461
20 77 927
20 454 152
406 454 124
406 784 436
784 911 315
402 911 16
30 402 530
30 770 434
770 995 410
838 995 803
838 917 619
460 917 535
460 785 205
48 785 845
48 224 787
224 999 166
343 999 893
113 343 310
113 867 812
563 867 580
563 692 814
503 692 368
503 524 513
524 943 1
645 943 132
222 645 664
222 526 104
368 526 394
368 915 863
696 915 703
696 933 118
933 947 98
299 947 135
176 299 699
176 668 164
352 668 582
189 352 431
189 810 362
272 810 861
272 902 163
45 902 485
45 190 720
190 248 800
248 983 239
756 983 824
756 807 143
200 807 922
44 200 325
44 345 184
35 345 711
35 206 345
206 306 625
306 826 89
672 826 884
310 672 835
310 535 638
474 535 301
282 474 903
228 282 168
228 316 689
192 316 616
192 594 592
390 594 466
390 654 401
654 787 522
177 787 52
177 934 773
441 934 258
62 441 1000
62 773 698
728 773 644
728 868 527
868 992 518
54 992 421
54 724 574
321 724 671
321 355 71
355 890 380
890 931 21
247 931 777
247 597 381
41 597 412
41 883 953
274 883 252
274 974 560
970 974 982
506 970 28
182 506 293
182 529 694
529 744 713
504 744 265
466 504 338
466 754 512
734 754 737
734 980 552
431 980 73
431 449 476
449 897 562
128 897 456
128 930 707
564 930 676
120 564 775
120 318 807
318 574 377
574 845 207
652 845 559
652 987 275
704 987 105
704 799 183
660 799 371
660 751 199
751 760 697
760 923 725
675 923 100
675 847 734
307 847 956
307 816 125
191 816 44
191 198 83
198 904 462
713 904 657
74 713 303
53 74 448
53 840 230
812 840 327
540 812 46
540 727 470
408 727 187
408 473 598
108 473 268
108 794 946
152 794 131
152 581 41
569 581 237
532 569 283
532 778 146
40 778 852
40 901 867
663 901 290
663 956 229
68 956 620
68 646 296
153 646 332
153 833 437
366 833 356
366 375 806
375 481 415
481 876 112
779 876 451
10 779 483
10 70 855
70 598 834
598 968 363
650 968 856
164 650 952
12 164 335
12 772 261
165 772 538
165 719 660
719 830 216
775 830 165
391 775 677
145 391 659
145 644 37
172 644 898
172 542 514
542 687 235
395 687 965
395 496 22
333 496 3
333 637 408
637 705 678
14 705 424
14 216 774
216 747 81
432 747 56
432 616 190
37 616 728
37 367 973
314 367 754
314 614 389
614 791 947
669 791 382
65 669 177
65 239 602
239 555 557
555 850 690
850 946 225
329 946 991
329 725 779
725 953 324
351 953 5
351 701 786
78 701 848
78 798 745
294 798 875
294 389 658
325 389 289
325 451 435
451 942 119
369 942 480
369 993 136
636 993 821
95 636 913
95 129 107
89 129 227
73 89 311
73 624 129
398 624 640
398 899 144
218 899 942
218 684 128
684 695 911
167 695 818
167 386 891
386 861 414
861 864 769
9 864 575
9 991 628
117 991 460
117 874 242
353 874 563
353 880 920
618 880 732
163 618 499
163 202 354
202 443 934
79 443 572
79 613 873
613 716 213
39 716 355
39 238 571
131 238 928
131 990 748
257 990 87
194 257 629
194 414 941
403 414 507
403 718 536
718 944 322
25 944 695
25 676 721
422 676 35
422 537 653
537 964 935
440 964 79
258 440 122
258 588 816
588 657 179
491 657 987
309 491 445
309 363 955
97 363 685
97 871 418
750 871 817
381 750 969
381 602 500
157 602 661
157 161 250
161 256 348
256 888 151
888 975 902
512 975 82
512 961 370
277 961 246
133 277 155
133 187 998
187 620 181
487 620 267
487 513 95
254 513 710
254 601 65
601 711 174
711 907 361
312 907 978
312 996 31
996 1000 904
592 1000 623
592 662 113
354 662 320
354 759 594
435 759 175
392 435 727
392 985 672
280 985 490
280 607 123
438 607 505
359 438 789
99 359 266
99 667 474
667 767 248
702 767 413
656 702 148
656 958 93
215 958 596
215 498 396
132 498 665
3 132 472
3 330 646
330 533 383
533 823 419
677 823 341
370 677 549
276 370 782
245 276 878
245 568 767
344 568 173
344 536 393
442 536 586
116 442 962
116 596 597
320 596 238
320 603 249
603 685 96
546 685 525
546 950 255
281 950 317
281 286 793
158 286 218
158 836 581
445 836 496
253 445 971
253 803 589
803 859 203
61 859 839
61 538 790
31 538 43
31 952 63
952 981 67
801 981 866
801 982 34
577 982 749
220 577 374
220 898 627
150 898 318
150 204 58
204 738 62
374 738 291
374 427 9
56 427 570
56 311 577
13 311 2
6 13 17
6 214 121
214 413 681
413 617 823
289 617 610
90 289 281
90 683 439
2 683 329
2 217 663
217 926 603
160 926 359
160 977 778
860 977 975
860 959 308
700 959 836
169 700 805
169 655 26
655 912 601
180 912 641
180 853 186
853 866 776
693 866 649
693 976 442
156 976 939
156 181 526
181 465 241
162 465 208
162 909 783
715 909 72
715 766 23
766 795 857
80 795 495
80 998 960
480 998 733
57 480 611
57 748 556
437 748 287
437 516 843
516 742 669
623 742 564
623 632 587
632 969 309
579 969 781
579 986 766
199 986 724
199 741 764
134 741 539
134 558 926
558 635 892
313 635 784
313 895 670
895 957 731
825 957 306
484 825 376
346 484 126
243 346 53
243 436 608
377 436 194
284 377 841
82 284 262
82 921 746
52 921 719
52 84 717
84 384 656
197 384 846
144 197 240
144 708 140
708 955 352
938 955 938
275 938 954
275 583 740
21 583 859
21 817 494
17 817 116
17 576 337
576 699 427
699 732 425
732 777 167
7 777 130
7 296 651
291 296 76
63 291 285
63 394 662
67 394 447
67 154 304
154 205 193
205 937 422
806 937 901
806 881 968
425 881 945
425 834 588
600 834 742
600 788 59
746 788 860
720 746 936
647 720 323
629 647 604
629 979 743
628 979 972
628 792 302
544 792 948
36 544 344
36 710 666
170 710 687
170 814 967
357 814 220
357 658 253
278 658 988
125 278 39
125 147 349
147 824 544
824 910 868
776 910 391
776 870 632
653 870 995
112 653 811
112 379 617
94 379 600
94 712 550
712 737 951
405 737 521
335 405 503
335 580 153
142 580 871
142 482 223
22 482 334
22 849 473
178 849 33
178 560 464
560 643 736
611 643 77
611 627 48
590 627 622
522 590 593
522 821 944
185 821 446
126 185 862
126 877 844
23 877 517
23 300 406
300 461 101
461 706 621
201 706 704
27 201 232
27 918 994
110 918 881
110 551 654
551 796 47
796 863 365
148 863 217
148 882 795
348 882 392
348 499 716
499 697 24
697 730 636
305 730 796
225 305 523
225 412 328
412 889 706
447 889 498
135 447 438
135 471 15
459 471 516
459 782 147
782 843 228
250 843 14
250 786 475
93 786 757
93 688 398
585 688 8
362 585 906
362 477 799
477 781 115
109 781 543
109 858 397
678 858 631
91 678 351
91 722 966
43 722 497
43 842 137
842 935 770
903 935 29
879 903 114
424 879 578
267 424 66
267 994 55
372 994 369
372 492 540
492 848 326
639 848 509
69 639 156
69 227 294
227 790 609
263 790 691
263 852 142
490 852 488
59 490 170
59 752 420
303 752 981
303 328 233
98 328 154
98 925 755
543 925 201
259 543 712
259 350 647
350 500 907
500 988 138
96 988 759
96 634 870
605 634 61
561 605 366
561 739 682
138 739 272
138 279 715
136 279 449
136 570 924
433 570 350
433 486 735
486 797 723
183 797 426
183 768 45
223 768 111
223 421 501
193 421 195
193 819 430
336 819 269
336 707 918
707 914 458
906 914 614
651 906 27
55 651 980
55 761 263
761 954 758
666 954 197
324 666 833
324 534 637
358 534 103
358 469 899
469 573 584
287 573 959
287 548 64
207 548 679
207 331 305
331 525 192
525 948 747
612 948 231
612 686 708
545 686 932
418 545 827
166 418 963
166 648 979
517 648 933
15 517 12
15 439 172
399 439 236
399 476 567
476 619 313
5 619 284
5 566 353
505 566 528
319 505 169
319 865 222
578 865 842
578 997 885
119 997 798
83 119 443
83 559 729
501 559 314
338 501 388
212 338 185
49 212 810
49 342 106
342 894 675
393 894 486
124 393 688
124 622 828
429 622 134
137 429 457
137 322 74
322 407 877
380 407 402
380 886 278
168 886 999
168 892 206
376 892 840
376 641 478
595 641 650
595 887 958
510 887 88
510 862 568
211 862 890
211 511 916
208 511 858
208 829 321
562 829 869
32 562 511
32 33 171
33 114 409
114 638 479
308 638 520
308 416 454
416 531 829
531 642 440
467 642 607
467 951 244
804 951 84
488 804 234
488 726 69
507 726 838
174 507 19
174 873 761
8 873 452
8 856 595
38 856 692
38 315 468
315 960 299
444 960 178
444 520 983
520 604 133
604 743 319
434 743 788
434 681 917
371 681 876
371 802 741
593 802 149
188 593 576
118 188 274
118 936 872
87 936 339
87 591 196
283 591 553
283 893 551
104 893 929
104 221 331
221 295 214
111 295 645
111 229 276
29 229 851
29 670 18
549 670 548
251 549 949
251 610 271
230 610 579
230 290 450
290 789 372
478 789 395
19 478 360
19 34 109
34 615 91
615 916 99
401 916 618
401 984 80
966 984 566
703 966 85
246 703 976
246 463 696
75 463 469
75 179 491
179 298 417
123 298 157
123 462 750
66 462 726
66 456 847
456 586 558
396 586 561
396 430 531
430 932 990
800 932 554
514 800 141
232 514 441
232 599 379
485 599 546
226 485 519
226 709 75
231 709 624
26 231 390
11 26 910
11 417 912
417 875 634
674 875 300
146 674 10
139 146 477
139 698 482
698 753 36
18 753 633
18 673 50
448 673 547
121 448 254
121 694 97
332 694 613
244 332 20
244 273 295
273 764 358
554 764 569
554 949 894
327 949 545
327 365 25
159 365 709
159 455 794
270 455 804
233 270 385
233 483 895
140 483 882
140 896 219
213 896 247
213 339 346
339 423 763
255 423 506
255 400 705
400 811 510
234 811 986
234 928 150
841 928 364
841 884 931
717 884 373
297 717 245
297 691 13
557 691 606
347 557 467
347 410 108
106 410 202
106 733 673
733 827 4
518 827 819
236 518 919
236 349 977
349 714 683
714 967 297
831 967 825
76 831 591
76 317 900
317 489 768
489 805 565
550 805 307
521 550 411
521 665 921
665 689 865
151 689 342
151 450 375
450 625 813
625 690 453
690 965 68
763 965 888
334 763 730
334 565 159
60 565 751
60 664 780
472 664 433
143 472 78
143 721 937
721 828 874
28 828 42
28 927 797
508 927 961
508 736 92
383 736 791
383 818 117
411 818 680
411 680 853
340 680 752
340 808 992
360 808 957
155 360 612
155 175 399
175 813 57
85 813 471
85 682 127
385 682 257
385 458 950
458 989 642
855 989 493
115 855 925
115 426 702
387 426 221
387 723 541
723 740 668
51 740 674
51 872 974
101 872 630
81 101 30
81 575 792
515 575 403
171 515 333
171 361 997
141 361 765
58 141 209
58 100 286
100 846 487
388 846 484
388 765 210
64 765 883
64 735 211
326 735 940
326 978 357
453 978 264
184 453 831
184 292 809
292 519 158
219 519 573
219 446 739
446 920 822
261 920 905
261 356 897
356 452 423
452 640 760
249 640 864
50 249 880
50 571 407
269 571 288
269 527 985
378 527 533
378 608 188
556 608 714
556 659 86
464 659 387
464 606 378
264 606 102
264 475 738
475 553 176
71 553 996
71 963 648
900 963 802
237 900 51
237 539 772
539 878 832
567 878 808
173 567 347
173 649 280
649 905 429
547 905 224
547 908 139
47 908 529
47 235 515
186 235 762
186 621 49
409 621 686
409 857 914
774 857 889
266 774 652
266 364 212
364 835 970
835 945 282
758 945 459
528 758 508
528 630 684
494 630 849
149 494 367
149 397 198
397 541 189
541 913 993
913 922 90
105 922 481
105 679 643
626 679 639
24 626 879
24 46 384
46 502 909
502 837 605
837 940 771
260 940 826
203 260 830
203 468 432
420 468 815
420 854 492
822 854 722
419 822 455
419 939 162
552 939 532
552 771 336
1 771 896
1 382 70
382 729 887
285 729 502
285 404 585
404 832 943
415 832 40
415 582 444
457 582 191
457 783 701
268 783 555
242 268 386
242 971 964
373 971 989
373 755 94
755 820 54
240 820 655
240 341 404
341 885 110
127 885 626
127 262 405
262 470 38
103 470 886
103 572 908
572 962 753
530 962 850
530 633 273
609 633 785
102 609 700
102 793 279
241 793 599
241 302 504
302 809 182
495 809 756
495 584 667
584 745 615
195 745 298
195 941 428
16 941 693
16 479 316
479 769 744
769 844 60
839 844 915
523 839 984
497 523 6
497 757 270
209 757 590
209 919 160
589 919 923
107 589 489
107 288 416
196 288 200
196 762 260
323 762 534
323 973 583
42 973 180
42 293 11
293 428 277
428 929 243
271 929 537
210 271 854
210 891 259
86 891 251
86 122 161
122 780 635
780 815 292
815 972 312
749 972 801
661 749 32
493 661 524
493 731 256
252 731 542
72 252 718
72 337 820
301 337 340
301 631 7
304 631 215
304 869 400
509 869 120
509 587 330
130 587 837
130 671 463
88 671 343
88 92 204
92 924 226
332 742 930
