0
1
2
10
11
12
20
21
22
100
101
102
110
111
112
120
121
122
200
201
202
210
211
212
220
221
222
1000
1001
1002
1010
1011
1012
1020
1021
1022
1100
1101
1102
1110
1111
1112
1120
1121
1122
1200
1201
1202
1210
1211
1212
1220
1221
1222
2000
2001
2002
2010
2011
2012
2020
2021
2022
2100
2101
2102
2110
2111
2112
2120
2121
2122
2200
2201
2202
2210
2211
2212
2220
2221
2222
10000
10001
10002
10010
10011
10012
10020
10021
10022
10100
10101
10102
10110
10111
10112
10120
10121
10122
10200
10201
10202
10210
10211
10212
10220
10221
10222
11000
11001
11002
11010
11011
11012
11020
11021
11022
11100
11101
11102
11110
11111
11112
11120
11121
11122
11200
11201
11202
11210
11211
11212
11220
11221
11222
12000
12001
12002
12010
12011
12012
12020
12021
12022
12100
12101
12102
12110
12111
12112
12120
12121
12122
12200
12201
12202
12210
12211
12212
12220
12221
12222
20000
20001
20002
20010
20011
20012
20020
20021
20022
20100
20101
20102
20110
20111
20112
20120
20121
20122
20200
20201
20202
20210
20211
20212
20220
20221
20222
21000
21001
21002
21010
21011
21012
21020
21021
21022
21100
21101
21102
21110
21111
21112
21120
21121
21122
21200
21201
21202
21210
21211
21212
21220
21221
21222
22000
22001
22002
22010
22011
22012
22020
22021
22022
22100
22101
22102
22110
22111
22112
22120
22121
22122
22200
22201
22202
22210
22211
22212
22220
22221
22222
100000
100001
100002
100010
100011
100012
100020
100021
100022
100100
100101
100102
100110
100111
100112
100120
100121
100122
100200
100201
100202
100210
100211
100212
100220
100221
100222
101000
101001
101002
101010
101011
101012
101020
101021
101022
101100
101101
101102
101110
101111
101112
101120
101121
101122
101200
101201
101202
101210
101211
101212
101220
101221
101222
102000
102001
102002
102010
102011
102012
102020
102021
102022
102100
102101
102102
102110
102111
102112
102120
102121
102122
102200
102201
102202
102210
102211
102212
102220
102221
102222
110000
110001
110002
110010
110011
110012
110020
110021
110022
110100
110101
110102
110110
110111
110112
110120
110121
110122
110200
110201
110202
110210
110211
110212
110220
110221
110222
111000
111001
111002
111010
111011
111012
111020
111021
111022
111100
111101
111102
111110
111111
111112
111120
111121
111122
111200
111201
111202
111210
111211
111212
111220
111221
111222
112000
112001
112002
112010
112011
112012
112020
112021
112022
112100
112101
112102
112110
112111
112112
112120
112121
112122
112200
112201
112202
112210
112211
112212
112220
112221
112222
120000
120001
120002
120010
120011
120012
120020
120021
120022
120100
120101
120102
120110
120111
120112
120120
120121
120122
120200
120201
120202
120210
120211
120212
120220
120221
120222
121000
121001
121002
121010
121011
121012
121020
121021
121022
121100
121101
121102
121110
121111
121112
121120
121121
121122
121200
121201
121202
121210
121211
121212
121220
121221
121222
122000
122001
122002
122010
122011
122012
122020
122021
122022
122100
122101
122102
122110
122111
122112
122120
122121
122122
122200
122201
122202
122210
122211
122212
122220
122221
122222
200000
200001
200002
200010
200011
200012
200020
200021
200022
200100
200101
200102
200110
200111
200112
200120
200121
200122
200200
200201
200202
200210
200211
200212
200220
200221
200222
201000
201001
201002
201010
201011
201012
201020
201021
201022
201100
201101
201102
201110
201111
201112
201120
201121
201122
201200
201201
201202
201210
201211
201212
201220
201221
201222
202000
202001
202002
202010
202011
202012
202020
202021
202022
202100
202101
202102
202110
202111
202112
202120
202121
202122
202200
202201
202202
202210
202211
202212
202220
202221
202222
210000
210001
210002
210010
210011
210012
210020
210021
210022
210100
210101
210102
210110
210111
210112
210120
210121
210122
210200
210201
210202
210210
210211
210212
210220
210221
210222
211000
211001
211002
211010
211011
211012
211020
211021
211022
211100
211101
211102
211110
211111
211112
211120
211121
211122
211200
211201
211202
211210
211211
211212
211220
211221
211222
212000
212001
212002
212010
212011
212012
212020
212021
212022
212100
212101
212102
212110
212111
212112
212120
212121
212122
212200
212201
212202
212210
212211
212212
212220
212221
212222
220000
220001
220002
220010
220011
220012
220020
220021
220022
220100
220101
220102
220110
220111
220112
220120
220121
220122
220200
220201
220202
220210
220211
220212
220220
220221
220222
221000
221001
221002
221010
221011
221012
221020
221021
221022
221100
221101
221102
221110
221111
221112
221120
221121
221122
221200
221201
221202
221210
221211
221212
221220
221221
221222
222000
222001
222002
222010
222011
222012
222020
222021
222022
222100
222101
222102
222110
222111
222112
222120
222121
222122
222200
222201
222202
222210
222211
222212
222220
222221
222222
1000000
1000001
1000002
1000010
1000011
1000012
1000020
1000021
1000022
1000100
1000101
1000102
1000110
1000111
1000112
1000120
1000121
1000122
1000200
1000201
1000202
1000210
1000211
1000212
1000220
1000221
1000222
1001000
1001001
1001002
1001010
1001011
1001012
1001020
1001021
1001022
1001100
1001101
1001102
1001110
1001111
1001112
1001120
1001121
1001122
1001200
1001201
1001202
1001210
1001211
1001212
1001220
1001221
1001222
1002000
1002001
1002002
1002010
1002011
1002012
1002020
1002021
1002022
1002100
1002101
1002102
1002110
1002111
1002112
1002120
1002121
1002122
1002200
1002201
1002202
1002210
1002211
1002212
1002220
1002221
1002222
1010000
1010001
1010002
1010010
1010011
1010012
1010020
1010021
1010022
1010100
1010101
1010102
1010110
1010111
1010112
1010120
1010121
1010122
1010200
1010201
1010202
1010210
1010211
1010212
1010220
1010221
1010222
1011000
1011001
1011002
1011010
1011011
1011012
1011020
1011021
1011022
1011100
1011101
1011102
1011110
1011111
1011112
1011120
1011121
1011122
1011200
1011201
1011202
1011210
1011211
1011212
1011220
1011221
1011222
1012000
1012001
1012002
1012010
1012011
1012012
1012020
1012021
1012022
1012100
1012101
1012102
1012110
1012111
1012112
1012120
1012121
1012122
1012200
1012201
1012202
1012210
1012211
1012212
1012220
1012221
1012222
1020000
1020001
1020002
1020010
1020011
1020012
1020020
1020021
1020022
1020100
1020101
1020102
1020110
1020111
1020112
1020120
1020121
1020122
1020200
1020201
1020202
1020210
1020211
1020212
1020220
1020221
1020222
1021000
1021001
1021002
1021010
1021011
1021012
1021020
1021021
1021022
1021100
1021101
1021102
1021110
1021111
1021112
1021120
1021121
1021122
1021200
1021201
1021202
1021210
1021211
1021212
1021220
1021221
1021222
1022000
1022001
1022002
1022010
1022011
1022012
1022020
1022021
1022022
1022100
1022101
1022102
1022110
1022111
1022112
1022120
1022121
1022122
1022200
1022201
1022202
1022210
1022211
1022212
1022220
1022221
1022222
1100000
1100001
1100002
1100010
1100011
1100012
1100020
1100021
1100022
1100100
1100101
1100102
1100110
1100111
1100112
1100120
1100121
1100122
1100200
1100201
1100202
1100210
1100211
1100212
1100220
1100221
1100222
1101000
1101001
1101002
1101010
1101011
1101012
1101020
1101021
1101022
1101100
1101101
1101102
1101110
1101111
1101112
1101120
1101121
1101122
1101200
1101201
1101202
1101210
1101211
1101212
1101220
1101221
1101222
1102000
1102001
1102002
1102010
1102011
1102012
1102020
1102021
1102022
1102100
1102101
1102102
1102110
1102111
1102112
1102120
1102121
1102122
1102200
1102201
1102202
1102210
1102211
1102212
1102220
1102221
1102222
1110000
1110001
1110002
1110010
1110011
1110012
1110020
1110021
1110022
1110100
1110101
1110102
1110110
1110111
1110112
1110120
1110121
1110122
1110200
1110201
1110202
1110210
1110211
1110212
1110220
1110221
1110222
1111000
1111001
1111002
1111010
1111011
1111012
1111020
1111021
1111022
1111100
1111101
1111102
1111110
1111111
1111112
1111120
1111121
1111122
1111200
1111201
1111202
1111210
1111211
1111212
1111220
1111221
1111222
1112000
1112001
1112002
1112010
1112011
1112012
1112020
1112021
1112022
1112100
1112101
1112102
1112110
1112111
1112112
1112120
1112121
1112122
1112200
1112201
1112202
1112210
1112211
1112212
1112220
1112221
1112222
1120000
1120001
1120002
1120010
1120011
1120012
1120020
1120021
1120022
1120100
1120101
1120102
1120110
1120111
1120112
1120120
1120121
1120122
1120200
1120201
1120202
1120210
1120211
1120212
1120220
1120221
1120222
1121000
1121001
1121002
1121010
1121011
1121012
1121020
1121021
1121022
1121100
1121101
1121102
1121110
1121111
1121112
1121120
1121121
1121122
1121200
1121201
1121202
1121210
1121211
1121212
1121220
1121221
1121222
1122000
1122001
1122002
1122010
1122011
1122012
1122020
1122021
1122022
1122100
1122101
1122102
1122110
1122111
1122112
1122120
1122121
1122122
1122200
1122201
1122202
1122210
1122211
1122212
1122220
1122221
1122222
1200000
1200001
1200002
1200010
1200011
1200012
1200020
1200021
1200022
1200100
1200101
1200102
1200110
1200111
1200112
1200120
1200121
1200122
1200200
1200201
1200202
1200210
1200211
1200212
1200220
1200221
1200222
1201000
1201001
1201002
1201010
1201011
1201012
1201020
1201021
1201022
1201100
1201101
1201102
1201110
1201111
1201112
1201120
1201121
1201122
1201200
1201201
1201202
1201210
1201211
1201212
1201220
1201221
1201222
1202000
1202001
1202002
1202010
1202011
1202012
1202020
1202021
1202022
1202100
1202101
1202102
1202110
1202111
1202112
1202120
1202121
1202122
1202200
1202201
1202202
1202210
1202211
1202212
1202220
1202221
1202222
1210000
1210001
1210002
1210010
1210011
1210012
1210020
1210021
1210022
1210100
1210101
1210102
1210110
1210111
1210112
1210120
1210121
1210122
1210200
1210201
1210202
1210210
1210211
1210212
1210220
1210221
1210222
1211000
1211001
1211002
1211010
1211011
1211012
1211020
1211021
1211022
1211100
1211101
1211102
1211110
1211111
1211112
1211120
1211121
1211122
1211200
1211201
1211202
1211210
1211211
1211212
1211220
1211221
1211222
1212000
1212001
1212002
1212010
1212011
1212012
1212020
1212021
1212022
1212100
1212101
1212102
1212110
1212111
1212112
1212120
1212121
1212122
1212200
1212201
1212202
1212210
1212211
1212212
1212220
1212221
1212222
1220000
1220001
1220002
1220010
1220011
1220012
1220020
1220021
1220022
1220100
1220101
1220102
1220110
1220111
1220112
1220120
1220121
1220122
1220200
1220201
1220202
1220210
1220211
1220212
1220220
1220221
1220222
1221000
1221001
1221002
1221010
1221011
1221012
1221020
1221021
1221022
1221100
1221101
1221102
1221110
1221111
1221112
1221120
1221121
1221122
1221200
1221201
1221202
1221210
1221211
1221212
1221220
1221221
1221222
1222000
1222001
1222002
1222010
1222011
1222012
1222020
1222021
1222022
1222100
1222101
1222102
1222110
1222111
1222112
1222120
1222121
1222122
1222200
1222201
1222202
1222210
1222211
1222212
1222220
1222221
1222222
2000000
2000001
2000002
2000010
2000011
2000012
2000020
2000021
2000022
2000100
2000101
2000102
2000110
2000111
2000112
2000120
2000121
2000122
2000200
2000201
2000202
2000210
2000211
2000212
2000220
2000221
2000222
2001000
2001001
2001002
2001010
2001011
2001012
2001020
2001021
2001022
2001100
2001101
2001102
2001110
2001111
2001112
2001120
2001121
2001122
2001200
2001201
2001202
2001210
2001211
2001212
2001220
2001221
2001222
2002000
2002001
2002002
2002010
2002011
2002012
2002020
2002021
2002022
2002100
2002101
2002102
2002110
2002111
2002112
2002120
2002121
2002122
2002200
2002201
2002202
2002210
2002211
2002212
2002220
2002221
2002222
2010000
2010001
2010002
2010010
2010011
2010012
2010020
2010021
2010022
2010100
2010101
2010102
2010110
2010111
2010112
2010120
2010121
2010122
2010200
2010201
2010202
2010210
2010211
2010212
2010220
2010221
2010222
2011000
2011001
2011002
2011010
2011011
2011012
2011020
2011021
2011022
2011100
2011101
2011102
2011110
2011111
2011112
2011120
2011121
2011122
2011200
2011201
2011202
2011210
2011211
2011212
2011220
2011221
2011222
2012000
2012001
2012002
2012010
2012011
2012012
2012020
2012021
2012022
2012100
2012101
2012102
2012110
2012111
2012112
2012120
2012121
2012122
2012200
2012201
2012202
2012210
2012211
2012212
2012220
2012221
2012222
2020000
2020001
2020002
2020010
2020011
2020012
2020020
2020021
2020022
2020100
2020101
2020102
2020110
2020111
2020112
2020120
2020121
2020122
2020200
2020201
2020202
2020210
2020211
2020212
2020220
2020221
2020222
2021000
2021001
2021002
2021010
2021011
2021012
2021020
2021021
2021022
2021100
2021101
2021102
2021110
2021111
2021112
2021120
2021121
2021122
2021200
2021201
2021202
2021210
2021211
2021212
2021220
2021221
2021222
2022000
2022001
2022002
2022010
2022011
2022012
2022020
2022021
2022022
2022100
2022101
2022102
2022110
2022111
2022112
2022120
2022121
2022122
2022200
2022201
2022202
2022210
2022211
2022212
2022220
2022221
2022222
2100000
2100001
2100002
2100010
2100011
2100012
2100020
2100021
2100022
2100100
2100101
2100102
2100110
2100111
2100112
2100120
2100121
2100122
2100200
2100201
2100202
2100210
2100211
2100212
2100220
2100221
2100222
2101000
2101001
2101002
2101010
2101011
2101012
2101020
2101021
2101022
2101100
2101101
2101102
2101110
2101111
2101112
2101120
2101121
2101122
2101200
2101201
2101202
2101210
2101211
2101212
2101220
2101221
2101222
2102000
2102001
2102002
2102010
2102011
2102012
2102020
2102021
2102022
2102100
2102101
2102102
2102110
2102111
2102112
2102120
2102121
2102122
2102200
2102201
2102202
2102210
2102211
2102212
2102220
2102221
2102222
2110000
2110001
2110002
2110010
2110011
2110012
2110020
2110021
2110022
2110100
2110101
2110102
2110110
2110111
2110112
2110120
2110121
2110122
2110200
2110201
2110202
2110210
2110211
2110212
2110220
2110221
2110222
2111000
2111001
2111002
2111010
2111011
2111012
2111020
2111021
2111022
2111100
2111101
2111102
2111110
2111111
2111112
2111120
2111121
2111122
2111200
2111201
2111202
2111210
2111211
2111212
2111220
2111221
2111222
2112000
2112001
2112002
2112010
2112011
2112012
2112020
2112021
2112022
2112100
2112101
2112102
2112110
2112111
2112112
2112120
2112121
2112122
2112200
2112201
2112202
2112210
2112211
2112212
2112220
2112221
2112222
2120000
2120001
2120002
2120010
2120011
2120012
2120020
2120021
2120022
2120100
2120101
2120102
2120110
2120111
2120112
2120120
2120121
2120122
2120200
2120201
2120202
2120210
2120211
2120212
2120220
2120221
2120222
2121000
2121001
2121002
2121010
2121011
2121012
2121020
2121021
2121022
2121100
2121101
2121102
2121110
2121111
2121112
2121120
2121121
2121122
2121200
2121201
2121202
2121210
2121211
2121212
2121220
2121221
2121222
2122000
2122001
2122002
2122010
2122011
2122012
2122020
2122021
2122022
2122100
2122101
2122102
2122110
2122111
2122112
2122120
2122121
2122122
2122200
2122201
2122202
2122210
2122211
2122212
2122220
2122221
2122222
2200000
2200001
2200002
2200010
2200011
2200012
2200020
2200021
2200022
2200100
2200101
2200102
2200110
2200111
2200112
2200120
2200121
2200122
2200200
2200201
2200202
2200210
2200211
2200212
2200220
2200221
2200222
2201000
2201001
2201002
2201010
2201011
2201012
2201020
2201021
2201022
2201100
2201101
2201102
2201110
2201111
2201112
2201120
2201121
2201122
2201200
2201201
2201202
2201210
2201211
2201212
2201220
2201221
2201222
2202000
2202001
2202002
2202010
2202011
2202012
2202020
2202021
2202022
2202100
2202101
2202102
2202110
2202111
2202112
2202120
2202121
2202122
2202200
2202201
2202202
2202210
2202211
2202212
2202220
2202221
2202222
2210000
2210001
2210002
2210010
2210011
2210012
2210020
2210021
2210022
2210100
2210101
2210102
2210110
2210111
2210112
2210120
2210121
2210122
2210200
2210201
2210202
2210210
2210211
2210212
2210220
2210221
2210222
2211000
2211001
2211002
2211010
2211011
2211012
2211020
2211021
2211022
2211100
2211101
2211102
2211110
2211111
2211112
2211120
2211121
2211122
2211200
2211201
2211202
2211210
2211211
2211212
2211220
2211221
2211222
2212000
2212001
2212002
2212010
2212011
2212012
2212020
2212021
2212022
2212100
2212101
2212102
2212110
2212111
2212112
2212120
2212121
2212122
2212200
2212201
2212202
2212210
2212211
2212212
2212220
2212221
2212222
2220000
2220001
2220002
2220010
2220011
2220012
2220020
2220021
2220022
2220100
2220101
2220102
2220110
2220111
2220112
2220120
2220121
2220122
2220200
2220201
2220202
2220210
2220211
2220212
2220220
2220221
2220222
2221000
2221001
2221002
2221010
2221011
2221012
2221020
2221021
2221022
2221100
2221101
2221102
2221110
2221111
2221112
2221120
2221121
2221122
2221200
2221201
2221202
2221210
2221211
2221212
2221220
2221221
2221222
2222000
2222001
2222002
2222010
2222011
2222012
2222020
2222021
2222022
2222100
2222101
2222102
2222110
2222111
2222112
2222120
2222121
2222122
2222200
2222201
2222202
2222210
2222211
2222212
2222220
2222221
2222222
10000000
10000001
10000002
10000010
10000011
10000012
10000020
10000021
10000022
10000100
10000101
10000102
10000110
10000111
10000112
10000120
10000121
10000122
10000200
10000201
10000202
10000210
10000211
10000212
10000220
10000221
10000222
10001000
10001001
10001002
10001010
10001011
10001012
10001020
10001021
10001022
10001100
10001101
10001102
10001110
10001111
10001112
10001120
10001121
10001122
10001200
10001201
10001202
10001210
10001211
10001212
10001220
10001221
10001222
10002000
10002001
10002002
10002010
10002011
10002012
10002020
10002021
10002022
10002100
10002101
10002102
10002110
10002111
10002112
10002120
10002121
10002122
10002200
10002201
10002202
10002210
10002211
10002212
10002220
10002221
10002222
10010000
10010001
10010002
10010010
10010011
10010012
10010020
10010021
10010022
10010100
10010101
10010102
10010110
10010111
10010112
10010120
10010121
10010122
10010200
10010201
10010202
10010210
10010211
10010212
10010220
10010221
10010222
10011000
10011001
10011002
10011010
10011011
10011012
10011020
10011021
10011022
10011100
10011101
10011102
10011110
10011111
10011112
10011120
10011121
10011122
10011200
10011201
10011202
10011210
10011211
10011212
10011220
10011221
10011222
10012000
10012001
10012002
10012010
10012011
10012012
10012020
10012021
10012022
10012100
10012101
10012102
10012110
10012111
10012112
10012120
10012121
10012122
10012200
10012201
10012202
10012210
10012211
10012212
10012220
10012221
10012222
10020000
10020001
10020002
10020010
10020011
10020012
10020020
10020021
10020022
10020100
10020101
10020102
10020110
10020111
10020112
10020120
10020121
10020122
10020200
10020201
10020202
10020210
10020211
10020212
10020220
10020221
10020222
10021000
10021001
10021002
10021010
10021011
10021012
10021020
10021021
10021022
10021100
10021101
10021102
10021110
10021111
10021112
10021120
10021121
10021122
10021200
10021201
10021202
10021210
10021211
10021212
10021220
10021221
10021222
10022000
10022001
10022002
10022010
10022011
10022012
10022020
10022021
10022022
10022100
10022101
10022102
10022110
10022111
10022112
10022120
10022121
10022122
10022200
10022201
10022202
10022210
10022211
10022212
10022220
10022221
10022222
10100000
10100001
10100002
10100010
10100011
10100012
10100020
10100021
10100022
10100100
10100101
10100102
10100110
10100111
10100112
10100120
10100121
10100122
10100200
10100201
10100202
10100210
10100211
10100212
10100220
10100221
10100222
10101000
10101001
10101002
10101010
10101011
10101012
10101020
10101021
10101022
10101100
10101101
10101102
10101110
10101111
10101112
10101120
10101121
10101122
10101200
10101201
10101202
10101210
10101211
10101212
10101220
10101221
10101222
10102000
10102001
10102002
10102010
10102011
10102012
10102020
10102021
10102022
10102100
10102101
10102102
10102110
10102111
10102112
10102120
10102121
10102122
10102200
10102201
10102202
10102210
10102211
10102212
10102220
10102221
10102222
10110000
10110001
10110002
10110010
10110011
10110012
10110020
10110021
10110022
10110100
10110101
10110102
10110110
10110111
10110112
10110120
10110121
10110122
10110200
10110201
10110202
10110210
10110211
10110212
10110220
10110221
10110222
10111000
10111001
10111002
10111010
10111011
10111012
10111020
10111021
10111022
10111100
10111101
10111102
10111110
10111111
10111112
10111120
10111121
10111122
10111200
10111201
10111202
10111210
10111211
10111212
10111220
10111221
10111222
10112000
10112001
10112002
10112010
10112011
10112012
10112020
10112021
10112022
10112100
10112101
10112102
10112110
10112111
10112112
10112120
10112121
10112122
10112200
10112201
10112202
10112210
10112211
10112212
10112220
10112221
10112222
10120000
10120001
10120002
10120010
10120011
10120012
10120020
10120021
10120022
10120100
10120101
10120102
10120110
10120111
10120112
10120120
10120121
10120122
10120200
10120201
10120202
10120210
10120211
10120212
10120220
10120221
10120222
10121000
10121001
10121002
10121010
10121011
10121012
10121020
10121021
10121022
10121100
10121101
10121102
10121110
10121111
10121112
10121120
10121121
10121122
10121200
10121201
10121202
10121210
10121211
10121212
10121220
10121221
10121222
10122000
10122001
10122002
10122010
10122011
10122012
10122020
10122021
10122022
10122100
10122101
10122102
10122110
10122111
10122112
10122120
10122121
10122122
10122200
10122201
10122202
10122210
10122211
10122212
10122220
10122221
10122222
10200000
10200001
10200002
10200010
10200011
10200012
10200020
10200021
10200022
10200100
10200101
10200102
10200110
10200111
10200112
10200120
10200121
10200122
10200200
10200201
10200202
10200210
10200211
10200212
10200220
10200221
10200222
10201000
10201001
10201002
10201010
10201011
10201012
10201020
10201021
10201022
10201100
10201101
10201102
10201110
10201111
10201112
10201120
10201121
10201122
10201200
10201201
10201202
10201210
10201211
10201212
10201220
10201221
10201222
10202000
10202001
10202002
10202010
10202011
10202012
10202020
10202021
10202022
10202100
10202101
10202102
10202110
10202111
10202112
10202120
10202121
10202122
10202200
10202201
10202202
10202210
10202211
10202212
10202220
10202221
10202222
10210000
10210001
10210002
10210010
10210011
10210012
10210020
10210021
10210022
10210100
10210101
10210102
10210110
10210111
10210112
10210120
10210121
10210122
10210200
10210201
10210202
10210210
10210211
10210212
10210220
10210221
10210222
10211000
10211001
10211002
10211010
10211011
10211012
10211020
10211021
10211022
10211100
10211101
10211102
10211110
10211111
10211112
10211120
10211121
10211122
10211200
10211201
10211202
10211210
10211211
10211212
10211220
10211221
10211222
10212000
10212001
10212002
10212010
10212011
10212012
10212020
10212021
10212022
10212100
10212101
10212102
10212110
10212111
10212112
10212120
10212121
10212122
10212200
10212201
10212202
10212210
10212211
10212212
10212220
10212221
10212222
10220000
10220001
10220002
10220010
10220011
10220012
10220020
10220021
10220022
10220100
10220101
10220102
10220110
10220111
10220112
10220120
10220121
10220122
10220200
10220201
10220202
10220210
10220211
10220212
10220220
10220221
10220222
10221000
10221001
10221002
10221010
10221011
10221012
10221020
10221021
10221022
10221100
10221101
10221102
10221110
10221111
10221112
10221120
10221121
10221122
10221200
10221201
10221202
10221210
10221211
10221212
10221220
10221221
10221222
10222000
10222001
10222002
10222010
10222011
10222012
10222020
10222021
10222022
10222100
10222101
10222102
10222110
10222111
10222112
10222120
10222121
10222122
10222200
10222201
10222202
10222210
10222211
10222212
10222220
10222221
10222222
11000000
11000001
11000002
11000010
11000011
11000012
11000020
11000021
11000022
11000100
11000101
11000102
11000110
11000111
11000112
11000120
11000121
11000122
11000200
11000201
11000202
11000210
11000211
11000212
11000220
11000221
11000222
11001000
11001001
11001002
11001010
11001011
11001012
11001020
11001021
11001022
11001100
11001101
11001102
11001110
11001111
11001112
11001120
11001121
11001122
11001200
11001201
11001202
11001210
11001211
11001212
11001220
11001221
11001222
11002000
11002001
11002002
11002010
11002011
11002012
11002020
11002021
11002022
11002100
11002101
11002102
11002110
11002111
11002112
11002120
11002121
11002122
11002200
11002201
11002202
11002210
11002211
11002212
11002220
11002221
11002222
11010000
11010001
11010002
11010010
11010011
11010012
11010020
11010021
11010022
11010100
11010101
11010102
11010110
11010111
11010112
11010120
11010121
11010122
11010200
11010201
11010202
11010210
11010211
11010212
11010220
11010221
11010222
11011000
11011001
11011002
11011010
11011011
11011012
11011020
11011021
11011022
11011100
11011101
11011102
11011110
11011111
11011112
11011120
11011121
11011122
11011200
11011201
11011202
11011210
11011211
11011212
11011220
11011221
11011222
11012000
11012001
11012002
11012010
11012011
11012012
11012020
11012021
11012022
11012100
11012101
11012102
11012110
11012111
11012112
11012120
11012121
11012122
11012200
11012201
11012202
11012210
11012211
11012212
11012220
11012221
11012222
11020000
11020001
11020002
11020010
11020011
11020012
11020020
11020021
11020022
11020100
11020101
11020102
11020110
11020111
11020112
11020120
11020121
11020122
11020200
11020201
11020202
11020210
11020211
11020212
11020220
11020221
11020222
11021000
11021001
11021002
11021010
11021011
11021012
11021020
11021021
11021022
11021100
11021101
11021102
11021110
11021111
11021112
11021120
11021121
11021122
11021200
11021201
11021202
11021210
11021211
11021212
11021220
11021221
11021222
11022000
11022001
11022002
11022010
11022011
11022012
11022020
11022021
11022022
11022100
11022101
11022102
11022110
11022111
11022112
11022120
11022121
11022122
11022200
11022201
11022202
11022210
11022211
11022212
11022220
11022221
11022222
11100000
11100001
11100002
11100010
11100011
11100012
11100020
11100021
11100022
11100100
11100101
11100102
11100110
11100111
11100112
11100120
11100121
11100122
11100200
11100201
11100202
11100210
11100211
11100212
11100220
11100221
11100222
11101000
11101001
11101002
11101010
11101011
11101012
11101020
11101021
11101022
11101100
11101101
11101102
11101110
11101111
11101112
11101120
11101121
11101122
11101200
11101201
11101202
11101210
11101211
11101212
11101220
11101221
11101222
11102000
11102001
11102002
11102010
11102011
11102012
11102020
11102021
11102022
11102100
11102101
11102102
11102110
11102111
11102112
11102120
11102121
11102122
11102200
11102201
11102202
11102210
11102211
11102212
11102220
11102221
11102222
11110000
11110001
11110002
11110010
11110011
11110012
11110020
11110021
11110022
11110100
11110101
11110102
11110110
11110111
11110112
11110120
11110121
11110122
11110200
11110201
11110202
11110210
11110211
11110212
11110220
11110221
11110222
11111000
11111001
11111002
11111010
11111011
11111012
11111020
11111021
11111022
11111100
11111101
11111102
11111110
11111111
11111112
11111120
11111121
11111122
11111200
11111201
11111202
11111210
11111211
11111212
11111220
11111221
11111222
11112000
11112001
11112002
11112010
11112011
11112012
11112020
11112021
11112022
11112100
11112101
11112102
11112110
11112111
11112112
11112120
11112121
11112122
11112200
11112201
11112202
11112210
11112211
11112212
11112220
11112221
11112222
11120000
11120001
11120002
11120010
11120011
11120012
11120020
11120021
11120022
11120100
11120101
11120102
11120110
11120111
11120112
11120120
11120121
11120122
11120200
11120201
11120202
11120210
11120211
11120212
11120220
11120221
11120222
11121000
11121001
11121002
11121010
11121011
11121012
11121020
11121021
11121022
11121100
11121101
11121102
11121110
11121111
11121112
11121120
11121121
11121122
11121200
11121201
11121202
11121210
11121211
11121212
11121220
11121221
11121222
11122000
11122001
11122002
11122010
11122011
11122012
11122020
11122021
11122022
11122100
11122101
11122102
11122110
11122111
11122112
11122120
11122121
11122122
11122200
11122201
11122202
11122210
11122211
11122212
11122220
11122221
11122222
11200000
11200001
11200002
11200010
11200011
11200012
11200020
11200021
11200022
11200100
11200101
11200102
11200110
11200111
11200112
11200120
11200121
11200122
11200200
11200201
11200202
11200210
11200211
11200212
11200220
11200221
11200222
11201000
11201001
11201002
11201010
11201011
11201012
11201020
11201021
11201022
11201100
11201101
11201102
11201110
11201111
11201112
11201120
11201121
11201122
11201200
11201201
11201202
11201210
11201211
11201212
11201220
11201221
11201222
11202000
11202001
11202002
11202010
11202011
11202012
11202020
11202021
11202022
11202100
11202101
11202102
11202110
11202111
11202112
11202120
11202121
11202122
11202200
11202201
11202202
11202210
11202211
11202212
11202220
11202221
11202222
11210000
11210001
11210002
11210010
11210011
11210012
11210020
11210021
11210022
11210100
11210101
11210102
11210110
11210111
11210112
11210120
11210121
11210122
11210200
11210201
11210202
11210210
11210211
11210212
11210220
11210221
11210222
11211000
11211001
11211002
11211010
11211011
11211012
11211020
11211021
11211022
11211100
11211101
11211102
11211110
11211111
11211112
11211120
11211121
11211122
11211200
11211201
11211202
11211210
11211211
11211212
11211220
11211221
11211222
11212000
11212001
11212002
11212010
11212011
11212012
11212020
11212021
11212022
11212100
11212101
11212102
11212110
11212111
11212112
11212120
11212121
11212122
11212200
11212201
11212202
11212210
11212211
11212212
11212220
11212221
11212222
11220000
11220001
11220002
11220010
11220011
11220012
11220020
11220021
11220022
11220100
11220101
11220102
11220110
11220111
11220112
11220120
11220121
11220122
11220200
11220201
11220202
11220210
11220211
11220212
11220220
11220221
11220222
11221000
11221001
11221002
11221010
11221011
11221012
11221020
11221021
11221022
11221100
11221101
11221102
11221110
11221111
11221112
11221120
11221121
11221122
11221200
11221201
11221202
11221210
11221211
11221212
11221220
11221221
11221222
11222000
11222001
11222002
11222010
11222011
11222012
11222020
11222021
11222022
11222100
11222101
11222102
11222110
11222111
11222112
11222120
11222121
11222122
11222200
11222201
11222202
11222210
11222211
11222212
11222220
11222221
11222222
12000000
12000001
12000002
12000010
12000011
12000012
12000020
12000021
12000022
12000100
12000101
12000102
12000110
12000111
12000112
12000120
12000121
12000122
12000200
12000201
12000202
12000210
12000211
12000212
12000220
12000221
12000222
12001000
12001001
12001002
12001010
12001011
12001012
12001020
12001021
12001022
12001100
12001101
12001102
12001110
12001111
12001112
12001120
12001121
12001122
12001200
12001201
12001202
12001210
12001211
12001212
12001220
12001221
12001222
12002000
12002001
12002002
12002010
12002011
12002012
12002020
12002021
12002022
12002100
12002101
12002102
12002110
12002111
12002112
12002120
12002121
12002122
12002200
12002201
12002202
12002210
12002211
12002212
12002220
12002221
12002222
12010000
12010001
12010002
12010010
12010011
12010012
12010020
12010021
12010022
12010100
12010101
12010102
12010110
12010111
12010112
12010120
12010121
12010122
12010200
12010201
12010202
12010210
12010211
12010212
12010220
12010221
12010222
12011000
12011001
12011002
12011010
12011011
12011012
12011020
12011021
12011022
12011100
12011101
12011102
12011110
12011111
12011112
12011120
12011121
12011122
12011200
12011201
12011202
12011210
12011211
12011212
12011220
12011221
12011222
12012000
12012001
12012002
12012010
12012011
12012012
12012020
12012021
12012022
12012100
12012101
12012102
12012110
12012111
12012112
12012120
12012121
12012122
12012200
12012201
12012202
12012210
12012211
12012212
12012220
12012221
12012222
12020000
12020001
12020002
12020010
12020011
12020012
12020020
12020021
12020022
12020100
12020101
12020102
12020110
12020111
12020112
12020120
12020121
12020122
12020200
12020201
12020202
12020210
12020211
12020212
12020220
12020221
12020222
12021000
12021001
12021002
12021010
12021011
12021012
12021020
12021021
12021022
12021100
12021101
12021102
12021110
12021111
12021112
12021120
12021121
12021122
12021200
12021201
12021202
12021210
12021211
12021212
12021220
12021221
12021222
12022000
12022001
12022002
12022010
12022011
12022012
12022020
12022021
12022022
12022100
12022101
12022102
12022110
12022111
12022112
12022120
12022121
12022122
12022200
12022201
12022202
12022210
12022211
12022212
12022220
12022221
12022222
12100000
12100001
12100002
12100010
12100011
12100012
12100020
12100021
12100022
12100100
12100101
12100102
12100110
12100111
12100112
12100120
12100121
12100122
12100200
12100201
12100202
12100210
12100211
12100212
12100220
12100221
12100222
12101000
12101001
12101002
12101010
12101011
12101012
12101020
12101021
12101022
12101100
12101101
12101102
12101110
12101111
12101112
12101120
12101121
12101122
12101200
12101201
12101202
12101210
12101211
12101212
12101220
12101221
12101222
12102000
12102001
12102002
12102010
12102011
12102012
12102020
12102021
12102022
12102100
12102101
12102102
12102110
12102111
12102112
12102120
12102121
12102122
12102200
12102201
12102202
12102210
12102211
12102212
12102220
12102221
12102222
12110000
12110001
12110002
12110010
12110011
12110012
12110020
12110021
12110022
12110100
12110101
12110102
12110110
12110111
12110112
12110120
12110121
12110122
12110200
12110201
12110202
12110210
12110211
12110212
12110220
12110221
12110222
12111000
12111001
12111002
12111010
12111011
12111012
12111020
12111021
12111022
12111100
12111101
12111102
12111110
12111111
12111112
12111120
12111121
12111122
12111200
12111201
12111202
12111210
12111211
12111212
12111220
12111221
12111222
12112000
12112001
12112002
12112010
12112011
12112012
12112020
12112021
12112022
12112100
12112101
12112102
12112110
12112111
12112112
12112120
12112121
12112122
12112200
12112201
12112202
12112210
12112211
12112212
12112220
12112221
12112222
12120000
12120001
12120002
12120010
12120011
12120012
12120020
12120021
12120022
12120100
12120101
12120102
12120110
12120111
12120112
12120120
12120121
12120122
12120200
12120201
12120202
12120210
12120211
12120212
12120220
12120221
12120222
12121000
12121001
12121002
12121010
12121011
12121012
12121020
12121021
12121022
12121100
12121101
12121102
12121110
12121111
12121112
12121120
12121121
12121122
12121200
12121201
12121202
12121210
12121211
12121212
12121220
12121221
12121222
12122000
12122001
12122002
12122010
12122011
12122012
12122020
12122021
12122022
12122100
12122101
12122102
12122110
12122111
12122112
12122120
12122121
12122122
12122200
12122201
12122202
12122210
12122211
12122212
12122220
12122221
12122222
12200000
12200001
12200002
12200010
12200011
12200012
12200020
12200021
12200022
12200100
12200101
12200102
12200110
12200111
12200112
12200120
12200121
12200122
12200200
12200201
12200202
12200210
12200211
12200212
12200220
12200221
12200222
12201000
12201001
12201002
12201010
12201011
12201012
12201020
12201021
12201022
12201100
12201101
12201102
12201110
12201111
12201112
12201120
12201121
12201122
12201200
12201201
12201202
12201210
12201211
12201212
12201220
12201221
12201222
12202000
12202001
12202002
12202010
12202011
12202012
12202020
12202021
12202022
12202100
12202101
12202102
12202110
12202111
12202112
12202120
12202121
12202122
12202200
12202201
12202202
12202210
12202211
12202212
12202220
12202221
12202222
12210000
12210001
12210002
12210010
12210011
12210012
12210020
12210021
12210022
12210100
12210101
12210102
12210110
12210111
12210112
12210120
12210121
12210122
12210200
12210201
12210202
12210210
12210211
12210212
12210220
12210221
12210222
12211000
12211001
12211002
12211010
12211011
12211012
12211020
12211021
12211022
12211100
12211101
12211102
12211110
12211111
12211112
12211120
12211121
12211122
12211200
12211201
12211202
12211210
12211211
12211212
12211220
12211221
12211222
12212000
12212001
12212002
12212010
12212011
12212012
12212020
12212021
12212022
12212100
12212101
12212102
12212110
12212111
12212112
12212120
12212121
12212122
12212200
12212201
12212202
12212210
12212211
12212212
12212220
12212221
12212222
12220000
12220001
12220002
12220010
12220011
12220012
12220020
12220021
12220022
12220100
12220101
12220102
12220110
12220111
12220112
12220120
12220121
12220122
12220200
12220201
12220202
12220210
12220211
12220212
12220220
12220221
12220222
12221000
12221001
12221002
12221010
12221011
12221012
12221020
12221021
12221022
12221100
12221101
12221102
12221110
12221111
12221112
12221120
12221121
12221122
12221200
12221201
12221202
12221210
12221211
12221212
12221220
12221221
12221222
12222000
12222001
12222002
12222010
12222011
12222012
12222020
12222021
12222022
12222100
12222101
12222102
12222110
12222111
12222112
12222120
12222121
12222122
12222200
12222201
12222202
12222210
12222211
12222212
12222220
12222221
12222222
20000000
20000001
20000002
20000010
20000011
20000012
20000020
20000021
20000022
20000100
20000101
20000102
20000110
20000111
20000112
20000120
20000121
20000122
20000200
20000201
20000202
20000210
20000211
20000212
20000220
20000221
20000222
20001000
20001001
20001002
20001010
20001011
20001012
20001020
20001021
20001022
20001100
20001101
20001102
20001110
20001111
20001112
20001120
20001121
20001122
20001200
20001201
20001202
20001210
20001211
20001212
20001220
20001221
20001222
20002000
20002001
20002002
20002010
20002011
20002012
20002020
20002021
20002022
20002100
20002101
20002102
20002110
20002111
20002112
20002120
20002121
20002122
20002200
20002201
20002202
20002210
20002211
20002212
20002220
20002221
20002222
20010000
20010001
20010002
20010010
20010011
20010012
20010020
20010021
20010022
20010100
20010101
20010102
20010110
20010111
20010112
20010120
20010121
20010122
20010200
20010201
20010202
20010210
20010211
20010212
20010220
20010221
20010222
20011000
20011001
20011002
20011010
20011011
20011012
20011020
20011021
20011022
20011100
20011101
20011102
20011110
20011111
20011112
20011120
20011121
20011122
20011200
20011201
20011202
20011210
20011211
20011212
20011220
20011221
20011222
20012000
20012001
20012002
20012010
20012011
20012012
20012020
20012021
20012022
20012100
20012101
20012102
20012110
20012111
20012112
20012120
20012121
20012122
20012200
20012201
20012202
20012210
20012211
20012212
20012220
20012221
20012222
20020000
20020001
20020002
20020010
20020011
20020012
20020020
20020021
20020022
20020100
20020101
20020102
20020110
20020111
20020112
20020120
20020121
20020122
20020200
20020201
20020202
20020210
20020211
20020212
20020220
20020221
20020222
20021000
20021001
20021002
20021010
20021011
20021012
20021020
20021021
20021022
20021100
20021101
20021102
20021110
20021111
20021112
20021120
20021121
20021122
20021200
20021201
20021202
20021210
20021211
20021212
20021220
20021221
20021222
20022000
20022001
20022002
20022010
20022011
20022012
20022020
20022021
20022022
20022100
20022101
20022102
20022110
20022111
20022112
20022120
20022121
20022122
20022200
20022201
20022202
20022210
20022211
20022212
20022220
20022221
20022222
20100000
20100001
20100002
20100010
20100011
20100012
20100020
20100021
20100022
20100100
20100101
20100102
20100110
20100111
20100112
20100120
20100121
20100122
20100200
20100201
20100202
20100210
20100211
20100212
20100220
20100221
20100222
20101000
20101001
20101002
20101010
20101011
20101012
20101020
20101021
20101022
20101100
20101101
20101102
20101110
20101111
20101112
20101120
20101121
20101122
20101200
20101201
20101202
20101210
20101211
20101212
20101220
20101221
20101222
20102000
20102001
20102002
20102010
20102011
20102012
20102020
20102021
20102022
20102100
20102101
20102102
20102110
20102111
20102112
20102120
20102121
20102122
20102200
20102201
20102202
20102210
20102211
20102212
20102220
20102221
20102222
20110000
20110001
20110002
20110010
20110011
20110012
20110020
20110021
20110022
20110100
20110101
20110102
20110110
20110111
20110112
20110120
20110121
20110122
20110200
20110201
20110202
20110210
20110211
20110212
20110220
20110221
20110222
20111000
20111001
20111002
20111010
20111011
20111012
20111020
20111021
20111022
20111100
20111101
20111102
20111110
20111111
20111112
20111120
20111121
20111122
20111200
20111201
20111202
20111210
20111211
20111212
20111220
20111221
20111222
20112000
20112001
20112002
20112010
20112011
20112012
20112020
20112021
20112022
20112100
20112101
20112102
20112110
20112111
20112112
20112120
20112121
20112122
20112200
20112201
20112202
20112210
20112211
20112212
20112220
20112221
20112222
20120000
20120001
20120002
20120010
20120011
20120012
20120020
20120021
20120022
20120100
20120101
20120102
20120110
20120111
20120112
20120120
20120121
20120122
20120200
20120201
20120202
20120210
20120211
20120212
20120220
20120221
20120222
20121000
20121001
20121002
20121010
20121011
20121012
20121020
20121021
20121022
20121100
20121101
20121102
20121110
20121111
20121112
20121120
20121121
20121122
20121200
20121201
20121202
20121210
20121211
20121212
20121220
20121221
20121222
20122000
20122001
20122002
20122010
20122011
20122012
20122020
20122021
20122022
20122100
20122101
20122102
20122110
20122111
20122112
20122120
20122121
20122122
20122200
20122201
20122202
20122210
20122211
20122212
20122220
20122221
20122222
20200000
20200001
20200002
20200010
20200011
20200012
20200020
20200021
20200022
20200100
20200101
20200102
20200110
20200111
20200112
20200120
20200121
20200122
20200200
20200201
20200202
20200210
20200211
20200212
20200220
20200221
20200222
20201000
20201001
20201002
20201010
20201011
20201012
20201020
20201021
20201022
20201100
20201101
20201102
20201110
20201111
20201112
20201120
20201121
20201122
20201200
20201201
20201202
20201210
20201211
20201212
20201220
20201221
20201222
20202000
20202001
20202002
20202010
20202011
20202012
20202020
20202021
20202022
20202100
20202101
20202102
20202110
20202111
20202112
20202120
20202121
20202122
20202200
20202201
20202202
20202210
20202211
20202212
20202220
20202221
20202222
20210000
20210001
20210002
20210010
20210011
20210012
20210020
20210021
20210022
20210100
20210101
20210102
20210110
20210111
20210112
20210120
20210121
20210122
20210200
20210201
20210202
20210210
20210211
20210212
20210220
20210221
20210222
20211000
20211001
20211002
20211010
20211011
20211012
20211020
20211021
20211022
20211100
20211101
20211102
20211110
20211111
20211112
20211120
20211121
20211122
20211200
20211201
20211202
20211210
20211211
20211212
20211220
20211221
20211222
20212000
20212001
20212002
20212010
20212011
20212012
20212020
20212021
20212022
20212100
20212101
20212102
20212110
20212111
20212112
20212120
20212121
20212122
20212200
20212201
20212202
20212210
20212211
20212212
20212220
20212221
20212222
20220000
20220001
20220002
20220010
20220011
20220012
20220020
20220021
20220022
20220100
20220101
20220102
20220110
20220111
20220112
20220120
20220121
20220122
20220200
20220201
20220202
20220210
20220211
20220212
20220220
20220221
20220222
20221000
20221001
20221002
20221010
20221011
20221012
20221020
20221021
20221022
20221100
20221101
20221102
20221110
20221111
20221112
20221120
20221121
20221122
20221200
20221201
20221202
20221210
20221211
20221212
20221220
20221221
20221222
20222000
20222001
20222002
20222010
20222011
20222012
20222020
20222021
20222022
20222100
20222101
20222102
20222110
20222111
20222112
20222120
20222121
20222122
20222200
20222201
20222202
20222210
20222211
20222212
20222220
20222221
20222222
21000000
21000001
21000002
21000010
21000011
21000012
21000020
21000021
21000022
21000100
21000101
21000102
21000110
21000111
21000112
21000120
21000121
21000122
21000200
21000201
21000202
21000210
21000211
21000212
21000220
21000221
21000222
21001000
21001001
21001002
21001010
21001011
21001012
21001020
21001021
21001022
21001100
21001101
21001102
21001110
21001111
21001112
21001120
21001121
21001122
21001200
21001201
21001202
21001210
21001211
21001212
21001220
21001221
21001222
21002000
21002001
21002002
21002010
21002011
21002012
21002020
21002021
21002022
21002100
21002101
21002102
21002110
21002111
21002112
21002120
21002121
21002122
21002200
21002201
21002202
21002210
21002211
21002212
21002220
21002221
21002222
21010000
21010001
21010002
21010010
21010011
21010012
21010020
21010021
21010022
21010100
21010101
21010102
21010110
21010111
21010112
21010120
21010121
21010122
21010200
21010201
21010202
21010210
21010211
21010212
21010220
21010221
21010222
21011000
21011001
21011002
21011010
21011011
21011012
21011020
21011021
21011022
21011100
21011101
21011102
21011110
21011111
21011112
21011120
21011121
21011122
21011200
21011201
21011202
21011210
21011211
21011212
21011220
21011221
21011222
21012000
21012001
21012002
21012010
21012011
21012012
21012020
21012021
21012022
21012100
21012101
21012102
21012110
21012111
21012112
21012120
21012121
21012122
21012200
21012201
21012202
21012210
21012211
21012212
21012220
21012221
21012222
21020000
21020001
21020002
21020010
21020011
21020012
21020020
21020021
21020022
21020100
21020101
21020102
21020110
21020111
21020112
21020120
21020121
21020122
21020200
21020201
21020202
21020210
21020211
21020212
21020220
21020221
21020222
21021000
21021001
21021002
21021010
21021011
21021012
21021020
21021021
21021022
21021100
21021101
21021102
21021110
21021111
21021112
21021120
21021121
21021122
21021200
21021201
21021202
21021210
21021211
21021212
21021220
21021221
21021222
21022000
21022001
21022002
21022010
21022011
21022012
21022020
21022021
21022022
21022100
21022101
21022102
21022110
21022111
21022112
21022120
21022121
21022122
21022200
21022201
21022202
21022210
21022211
21022212
21022220
21022221
21022222
21100000
21100001
21100002
21100010
21100011
21100012
21100020
21100021
21100022
21100100
21100101
21100102
21100110
21100111
21100112
21100120
21100121
21100122
21100200
21100201
21100202
21100210
21100211
21100212
21100220
21100221
21100222
21101000
21101001
21101002
21101010
21101011
21101012
21101020
21101021
21101022
21101100
21101101
21101102
21101110
21101111
21101112
21101120
21101121
21101122
21101200
21101201
21101202
21101210
21101211
21101212
21101220
21101221
21101222
21102000
21102001
21102002
21102010
21102011
21102012
21102020
21102021
21102022
21102100
21102101
21102102
21102110
21102111
21102112
21102120
21102121
21102122
21102200
21102201
21102202
21102210
21102211
21102212
21102220
21102221
21102222
21110000
21110001
21110002
21110010
21110011
21110012
21110020
21110021
21110022
21110100
21110101
21110102
21110110
21110111
21110112
21110120
21110121
21110122
21110200
21110201
21110202
21110210
21110211
21110212
21110220
21110221
21110222
21111000
21111001
21111002
21111010
21111011
21111012
21111020
21111021
21111022
21111100
21111101
21111102
21111110
21111111
21111112
21111120
21111121
21111122
21111200
21111201
21111202
21111210
21111211
21111212
21111220
21111221
21111222
21112000
21112001
21112002
21112010
21112011
21112012
21112020
21112021
21112022
21112100
21112101
21112102
21112110
21112111
21112112
21112120
21112121
21112122
21112200
21112201
21112202
21112210
21112211
21112212
21112220
21112221
21112222
21120000
21120001
21120002
21120010
21120011
21120012
21120020
21120021
21120022
21120100
21120101
21120102
21120110
21120111
21120112
21120120
21120121
21120122
21120200
21120201
21120202
21120210
21120211
21120212
21120220
21120221
21120222
21121000
21121001
21121002
21121010
21121011
21121012
21121020
21121021
21121022
21121100
21121101
21121102
21121110
21121111
21121112
21121120
21121121
21121122
21121200
21121201
21121202
21121210
21121211
21121212
21121220
21121221
21121222
21122000
21122001
21122002
21122010
21122011
21122012
21122020
21122021
21122022
21122100
21122101
21122102
21122110
21122111
21122112
21122120
21122121
21122122
21122200
21122201
21122202
21122210
21122211
21122212
21122220
21122221
21122222
21200000
21200001
21200002
21200010
21200011
21200012
21200020
21200021
21200022
21200100
21200101
21200102
21200110
21200111
21200112
21200120
21200121
21200122
21200200
21200201
21200202
21200210
21200211
21200212
21200220
21200221
21200222
21201000
21201001
21201002
21201010
21201011
21201012
21201020
21201021
21201022
21201100
21201101
21201102
21201110
21201111
21201112
21201120
21201121
21201122
21201200
21201201
21201202
21201210
21201211
21201212
21201220
21201221
21201222
21202000
21202001
21202002
21202010
21202011
21202012
21202020
21202021
21202022
21202100
21202101
21202102
21202110
21202111
21202112
21202120
21202121
21202122
21202200
21202201
21202202
21202210
21202211
21202212
21202220
21202221
21202222
21210000
21210001
21210002
21210010
21210011
21210012
21210020
21210021
21210022
21210100
21210101
21210102
21210110
21210111
21210112
21210120
21210121
21210122
21210200
21210201
21210202
21210210
21210211
21210212
21210220
21210221
21210222
21211000
21211001
21211002
21211010
21211011
21211012
21211020
21211021
21211022
21211100
21211101
21211102
21211110
21211111
21211112
21211120
21211121
21211122
21211200
21211201
21211202
21211210
21211211
21211212
21211220
21211221
21211222
21212000
21212001
21212002
21212010
21212011
21212012
21212020
21212021
21212022
21212100
21212101
21212102
21212110
21212111
21212112
21212120
21212121
21212122
21212200
21212201
21212202
21212210
21212211
21212212
21212220
21212221
21212222
21220000
21220001
21220002
21220010
21220011
21220012
21220020
21220021
21220022
21220100
21220101
21220102
21220110
21220111
21220112
21220120
21220121
21220122
21220200
21220201
21220202
21220210
21220211
21220212
21220220
21220221
21220222
21221000
21221001
21221002
21221010
21221011
21221012
21221020
21221021
21221022
21221100
21221101
21221102
21221110
21221111
21221112
21221120
21221121
21221122
21221200
21221201
21221202
21221210
21221211
21221212
21221220
21221221
21221222
21222000
21222001
21222002
21222010
21222011
21222012
21222020
21222021
21222022
21222100
21222101
21222102
21222110
21222111
21222112
21222120
21222121
21222122
21222200
21222201
21222202
21222210
21222211
21222212
21222220
21222221
21222222
22000000
22000001
22000002
22000010
22000011
22000012
22000020
22000021
22000022
22000100
22000101
22000102
22000110
22000111
22000112
22000120
22000121
22000122
22000200
22000201
22000202
22000210
22000211
22000212
22000220
22000221
22000222
22001000
22001001
22001002
22001010
22001011
22001012
22001020
22001021
22001022
22001100
22001101
22001102
22001110
22001111
22001112
22001120
22001121
22001122
22001200
22001201
22001202
22001210
22001211
22001212
22001220
22001221
22001222
22002000
22002001
22002002
22002010
22002011
22002012
22002020
22002021
22002022
22002100
22002101
22002102
22002110
22002111
22002112
22002120
22002121
22002122
22002200
22002201
22002202
22002210
22002211
22002212
22002220
22002221
22002222
22010000
22010001
22010002
22010010
22010011
22010012
22010020
22010021
22010022
22010100
22010101
22010102
22010110
22010111
22010112
22010120
22010121
22010122
22010200
22010201
22010202
22010210
22010211
22010212
22010220
22010221
22010222
22011000
22011001
22011002
22011010
22011011
22011012
22011020
22011021
22011022
22011100
22011101
22011102
22011110
22011111
22011112
22011120
22011121
22011122
22011200
22011201
22011202
22011210
22011211
22011212
22011220
22011221
22011222
22012000
22012001
22012002
22012010
22012011
22012012
22012020
22012021
22012022
22012100
22012101
22012102
22012110
22012111
22012112
22012120
22012121
22012122
22012200
22012201
22012202
22012210
22012211
22012212
22012220
22012221
22012222
22020000
22020001
22020002
22020010
22020011
22020012
22020020
22020021
22020022
22020100
22020101
22020102
22020110
22020111
22020112
22020120
22020121
22020122
22020200
22020201
22020202
22020210
22020211
22020212
22020220
22020221
22020222
22021000
22021001
22021002
22021010
22021011
22021012
22021020
22021021
22021022
22021100
22021101
22021102
22021110
22021111
22021112
22021120
22021121
22021122
22021200
22021201
22021202
22021210
22021211
22021212
22021220
22021221
22021222
22022000
22022001
22022002
22022010
22022011
22022012
22022020
22022021
22022022
22022100
22022101
22022102
22022110
22022111
22022112
22022120
22022121
22022122
22022200
22022201
22022202
22022210
22022211
22022212
22022220
22022221
22022222
22100000
22100001
22100002
22100010
22100011
22100012
22100020
22100021
22100022
22100100
22100101
22100102
22100110
22100111
22100112
22100120
22100121
22100122
22100200
22100201
22100202
22100210
22100211
22100212
22100220
22100221
22100222
22101000
22101001
22101002
22101010
22101011
22101012
22101020
22101021
22101022
22101100
22101101
22101102
22101110
22101111
22101112
22101120
22101121
22101122
22101200
22101201
22101202
22101210
22101211
22101212
22101220
22101221
22101222
22102000
22102001
22102002
22102010
22102011
22102012
22102020
22102021
22102022
22102100
22102101
22102102
22102110
22102111
22102112
22102120
22102121
22102122
22102200
22102201
22102202
22102210
22102211
22102212
22102220
22102221
22102222
22110000
22110001
22110002
22110010
22110011
22110012
22110020
22110021
22110022
22110100
22110101
22110102
22110110
22110111
22110112
22110120
22110121
22110122
22110200
22110201
22110202
22110210
22110211
22110212
22110220
22110221
22110222
22111000
22111001
22111002
22111010
22111011
22111012
22111020
22111021
22111022
22111100
22111101
22111102
22111110
22111111
22111112
22111120
22111121
22111122
22111200
22111201
22111202
22111210
22111211
22111212
22111220
22111221
22111222
22112000
22112001
22112002
22112010
22112011
22112012
22112020
22112021
22112022
22112100
22112101
22112102
22112110
22112111
22112112
22112120
22112121
22112122
22112200
22112201
22112202
22112210
22112211
22112212
22112220
22112221
22112222
22120000
22120001
22120002
22120010
22120011
22120012
22120020
22120021
22120022
22120100
22120101
22120102
22120110
22120111
22120112
22120120
22120121
22120122
22120200
22120201
22120202
22120210
22120211
22120212
22120220
22120221
22120222
22121000
22121001
22121002
22121010
22121011
22121012
22121020
22121021
22121022
22121100
22121101
22121102
22121110
22121111
22121112
22121120
22121121
22121122
22121200
22121201
22121202
22121210
22121211
22121212
22121220
22121221
22121222
22122000
22122001
22122002
22122010
22122011
22122012
22122020
22122021
22122022
22122100
22122101
22122102
22122110
22122111
22122112
22122120
22122121
22122122
22122200
22122201
22122202
22122210
22122211
22122212
22122220
22122221
22122222
22200000
22200001
22200002
22200010
22200011
22200012
22200020
22200021
22200022
22200100
22200101
22200102
22200110
22200111
22200112
22200120
22200121
22200122
22200200
22200201
22200202
22200210
22200211
22200212
22200220
22200221
22200222
22201000
22201001
22201002
22201010
22201011
22201012
22201020
22201021
22201022
22201100
22201101
22201102
22201110
22201111
22201112
22201120
22201121
22201122
22201200
22201201
22201202
22201210
22201211
22201212
22201220
22201221
22201222
22202000
22202001
22202002
22202010
22202011
22202012
22202020
22202021
22202022
22202100
22202101
22202102
22202110
22202111
22202112
22202120
22202121
22202122
22202200
22202201
22202202
22202210
22202211
22202212
22202220
22202221
22202222
22210000
22210001
22210002
22210010
22210011
22210012
22210020
22210021
22210022
22210100
22210101
22210102
22210110
22210111
22210112
22210120
22210121
22210122
22210200
22210201
22210202
22210210
22210211
22210212
22210220
22210221
22210222
22211000
22211001
22211002
22211010
22211011
22211012
22211020
22211021
22211022
22211100
22211101
22211102
22211110
22211111
22211112
22211120
22211121
22211122
22211200
22211201
22211202
22211210
22211211
22211212
22211220
22211221
22211222
22212000
22212001
22212002
22212010
22212011
22212012
22212020
22212021
22212022
22212100
22212101
22212102
22212110
22212111
22212112
22212120
22212121
22212122
22212200
22212201
22212202
22212210
22212211
22212212
22212220
22212221
22212222
22220000
22220001
22220002
22220010
22220011
22220012
22220020
22220021
22220022
22220100
22220101
22220102
22220110
22220111
22220112
22220120
22220121
22220122
22220200
22220201
22220202
22220210
22220211
22220212
22220220
22220221
22220222
22221000
22221001
22221002
22221010
22221011
22221012
22221020
22221021
22221022
22221100
22221101
22221102
22221110
22221111
22221112
22221120
22221121
22221122
22221200
22221201
22221202
22221210
22221211
22221212
22221220
22221221
22221222
22222000
22222001
22222002
22222010
22222011
22222012
22222020
22222021
22222022
22222100
22222101
22222102
22222110
22222111
22222112
22222120
22222121
22222122
22222200
22222201
22222202
22222210
22222211
22222212
22222220
22222221
22222222
100000000
100000001
100000002
100000010
100000011
100000012
100000020
100000021
100000022
100000100
100000101
100000102
100000110
100000111
100000112
100000120
100000121
100000122
100000200
100000201
100000202
100000210
100000211
100000212
100000220
100000221
100000222
100001000
100001001
100001002
100001010
100001011
100001012
100001020
100001021
100001022
100001100
100001101
100001102
100001110
100001111
100001112
100001120
100001121
100001122
100001200
100001201
100001202
100001210
100001211
100001212
100001220
100001221
100001222
100002000
100002001
100002002
100002010
100002011
100002012
100002020
100002021
100002022
100002100
100002101
100002102
100002110
100002111
100002112
100002120
100002121
100002122
100002200
100002201
100002202
100002210
100002211
100002212
100002220
100002221
100002222
100010000
100010001
100010002
100010010
100010011
100010012
100010020
100010021
100010022
100010100
100010101
100010102
100010110
100010111
100010112
100010120
100010121
100010122
100010200
100010201
100010202
100010210
100010211
100010212
100010220
100010221
100010222
100011000
100011001
100011002
100011010
100011011
100011012
100011020
100011021
100011022
100011100
100011101
100011102
100011110
100011111
100011112
100011120
100011121
100011122
100011200
100011201
100011202
100011210
100011211
100011212
100011220
100011221
100011222
100012000
100012001
100012002
100012010
100012011
100012012
100012020
100012021
100012022
100012100
100012101
100012102
100012110
100012111
100012112
100012120
100012121
100012122
100012200
100012201
100012202
100012210
100012211
100012212
100012220
100012221
100012222
100020000
100020001
100020002
100020010
100020011
100020012
100020020
100020021
100020022
100020100
100020101
100020102
100020110
100020111
100020112
100020120
100020121
100020122
100020200
100020201
100020202
100020210
100020211
100020212
100020220
100020221
100020222
100021000
100021001
100021002
100021010
100021011
100021012
100021020
100021021
100021022
100021100
100021101
100021102
100021110
100021111
100021112
100021120
100021121
100021122
100021200
100021201
100021202
100021210
100021211
100021212
100021220
100021221
100021222
100022000
100022001
100022002
100022010
100022011
100022012
100022020
100022021
100022022
100022100
100022101
100022102
100022110
100022111
100022112
100022120
100022121
100022122
100022200
100022201
100022202
100022210
100022211
100022212
100022220
100022221
100022222
100100000
100100001
100100002
100100010
100100011
100100012
100100020
100100021
100100022
100100100
100100101
100100102
100100110
100100111
100100112
100100120
100100121
100100122
100100200
100100201
100100202
100100210
100100211
100100212
100100220
100100221
100100222
100101000
100101001
100101002
100101010
100101011
100101012
100101020
100101021
100101022
100101100
100101101
100101102
100101110
100101111
100101112
100101120
100101121
100101122
100101200
100101201
100101202
100101210
100101211
100101212
100101220
100101221
100101222
100102000
100102001
100102002
100102010
100102011
100102012
100102020
100102021
100102022
100102100
100102101
100102102
100102110
100102111
100102112
100102120
100102121
100102122
100102200
100102201
100102202
100102210
100102211
100102212
100102220
100102221
100102222
100110000
100110001
100110002
100110010
100110011
100110012
100110020
100110021
100110022
100110100
100110101
100110102
100110110
100110111
100110112
100110120
100110121
100110122
100110200
100110201
100110202
100110210
100110211
100110212
100110220
100110221
100110222
100111000
100111001
100111002
100111010
100111011
100111012
100111020
100111021
100111022
100111100
100111101
100111102
100111110
100111111
100111112
100111120
100111121
100111122
100111200
100111201
100111202
100111210
100111211
100111212
100111220
100111221
100111222
100112000
100112001
100112002
100112010
100112011
100112012
100112020
100112021
100112022
100112100
100112101
100112102
100112110
100112111
100112112
100112120
100112121
100112122
100112200
100112201
100112202
100112210
100112211
100112212
100112220
100112221
100112222
100120000
100120001
100120002
100120010
100120011
100120012
100120020
100120021
100120022
100120100
100120101
100120102
100120110
100120111
100120112
100120120
100120121
100120122
100120200
100120201
100120202
100120210
100120211
100120212
100120220
100120221
100120222
100121000
100121001
100121002
100121010
100121011
100121012
100121020
100121021
100121022
100121100
100121101
100121102
100121110
100121111
100121112
100121120
100121121
100121122
100121200
100121201
100121202
100121210
100121211
100121212
100121220
100121221
100121222
100122000
100122001
100122002
100122010
100122011
100122012
100122020
100122021
100122022
100122100
100122101
100122102
100122110
100122111
100122112
100122120
100122121
100122122
100122200
100122201
100122202
100122210
100122211
100122212
100122220
100122221
100122222
100200000
100200001
100200002
100200010
100200011
100200012
100200020
100200021
100200022
100200100
100200101
100200102
100200110
100200111
100200112
100200120
100200121
100200122
100200200
100200201
100200202
100200210
100200211
100200212
100200220
100200221
100200222
100201000
100201001
100201002
100201010
100201011
100201012
100201020
100201021
100201022
100201100
100201101
100201102
100201110
100201111
100201112
100201120
100201121
100201122
100201200
100201201
100201202
100201210
100201211
100201212
100201220
100201221
100201222
100202000
100202001
100202002
100202010
100202011
100202012
100202020
100202021
100202022
100202100
100202101
100202102
100202110
100202111
100202112
100202120
100202121
100202122
100202200
100202201
100202202
100202210
100202211
100202212
100202220
100202221
100202222
100210000
100210001
100210002
100210010
100210011
100210012
100210020
100210021
100210022
100210100
100210101
100210102
100210110
100210111
100210112
100210120
100210121
100210122
100210200
100210201
100210202
100210210
100210211
100210212
100210220
100210221
100210222
100211000
100211001
100211002
100211010
100211011
100211012
100211020
100211021
100211022
100211100
100211101
100211102
100211110
100211111
100211112
100211120
100211121
100211122
100211200
100211201
100211202
100211210
100211211
100211212
100211220
100211221
100211222
100212000
100212001
100212002
100212010
100212011
100212012
100212020
100212021
100212022
100212100
100212101
100212102
100212110
100212111
100212112
100212120
100212121
100212122
100212200
100212201
100212202
100212210
100212211
100212212
100212220
100212221
100212222
100220000
100220001
100220002
100220010
100220011
100220012
100220020
100220021
100220022
100220100
100220101
100220102
100220110
100220111
100220112
100220120
100220121
100220122
100220200
100220201
100220202
100220210
100220211
100220212
100220220
100220221
100220222
100221000
100221001
100221002
100221010
100221011
100221012
100221020
100221021
100221022
100221100
100221101
100221102
100221110
100221111
100221112
100221120
100221121
100221122
100221200
100221201
100221202
100221210
100221211
100221212
100221220
100221221
100221222
100222000
100222001
100222002
100222010
100222011
100222012
100222020
100222021
100222022
100222100
100222101
100222102
100222110
100222111
100222112
100222120
100222121
100222122
100222200
100222201
100222202
100222210
100222211
100222212
100222220
100222221
100222222
101000000
101000001
101000002
101000010
101000011
101000012
101000020
101000021
101000022
101000100
101000101
101000102
101000110
101000111
101000112
101000120
101000121
101000122
101000200
101000201
101000202
101000210
101000211
101000212
101000220
101000221
101000222
101001000
101001001
101001002
101001010
101001011
101001012
101001020
101001021
101001022
101001100
101001101
101001102
101001110
101001111
101001112
101001120
101001121
101001122
101001200
101001201
101001202
101001210
101001211
101001212
101001220
101001221
101001222
101002000
101002001
101002002
101002010
101002011
101002012
101002020
101002021
101002022
101002100
101002101
101002102
101002110
101002111
101002112
101002120
101002121
101002122
101002200
101002201
101002202
101002210
101002211
101002212
101002220
101002221
101002222
101010000
101010001
101010002
101010010
101010011
101010012
101010020
101010021
101010022
101010100
101010101
101010102
101010110
101010111
101010112
101010120
101010121
101010122
101010200
101010201
101010202
101010210
101010211
101010212
101010220
101010221
101010222
101011000
101011001
101011002
101011010
101011011
101011012
101011020
101011021
101011022
101011100
101011101
101011102
101011110
101011111
101011112
101011120
101011121
101011122
101011200
101011201
101011202
101011210
101011211
101011212
101011220
101011221
101011222
101012000
101012001
101012002
101012010
101012011
101012012
101012020
101012021
101012022
101012100
101012101
101012102
101012110
101012111
101012112
101012120
101012121
101012122
101012200
101012201
101012202
101012210
101012211
101012212
101012220
101012221
101012222
101020000
101020001
101020002
101020010
101020011
101020012
101020020
101020021
101020022
101020100
101020101
101020102
101020110
101020111
101020112
101020120
101020121
101020122
101020200
101020201
101020202
101020210
101020211
101020212
101020220
101020221
101020222
101021000
101021001
101021002
101021010
101021011
101021012
101021020
101021021
101021022
101021100
101021101
101021102
101021110
101021111
101021112
101021120
101021121
101021122
101021200
101021201
101021202
101021210
101021211
101021212
101021220
101021221
101021222
101022000
101022001
101022002
101022010
101022011
101022012
101022020
101022021
101022022
101022100
101022101
101022102
101022110
101022111
101022112
101022120
101022121
101022122
101022200
101022201
101022202
101022210
101022211
101022212
101022220
101022221
101022222
101100000
101100001
101100002
101100010
101100011
101100012
101100020
101100021
101100022
101100100
101100101
101100102
101100110
101100111
101100112
101100120
101100121
101100122
101100200
101100201
101100202
101100210
101100211
101100212
101100220
101100221
101100222
101101000
101101001
101101002
101101010
101101011
101101012
101101020
101101021
101101022
101101100
101101101
101101102
101101110
101101111
101101112
101101120
101101121
101101122
101101200
101101201
101101202
101101210
101101211
101101212
101101220
101101221
101101222
101102000
101102001
101102002
101102010
101102011
101102012
101102020
101102021
101102022
101102100
101102101
101102102
101102110
101102111
101102112
101102120
101102121
101102122
101102200
101102201
101102202
101102210
101102211
101102212
101102220
101102221
101102222
101110000
101110001
101110002
101110010
101110011
101110012
101110020
101110021
101110022
101110100
101110101
101110102
101110110
101110111
101110112
101110120
101110121
101110122
101110200
101110201
101110202
101110210
101110211
101110212
101110220
101110221
101110222
101111000
101111001
101111002
101111010
101111011
101111012
101111020
101111021
101111022
101111100
101111101
101111102
101111110
101111111
101111112
101111120
101111121
101111122
101111200
101111201
101111202
101111210
101111211
101111212
101111220
101111221
101111222
101112000
101112001
101112002
101112010
101112011
101112012
101112020
101112021
101112022
101112100
101112101
101112102
101112110
101112111
101112112
101112120
101112121
101112122
101112200
101112201
101112202
101112210
101112211
101112212
101112220
101112221
101112222
101120000
101120001
101120002
101120010
101120011
101120012
101120020
101120021
101120022
101120100
101120101
101120102
101120110
101120111
101120112
101120120
101120121
101120122
101120200
101120201
101120202
101120210
101120211
101120212
101120220
101120221
101120222
101121000
101121001
101121002
101121010
101121011
101121012
101121020
101121021
101121022
101121100
101121101
101121102
101121110
101121111
101121112
101121120
101121121
101121122
101121200
101121201
101121202
101121210
101121211
101121212
101121220
101121221
101121222
101122000
101122001
101122002
101122010
101122011
101122012
101122020
101122021
101122022
101122100
101122101
101122102
101122110
101122111
101122112
101122120
101122121
101122122
101122200
101122201
101122202
101122210
101122211
101122212
101122220
101122221
101122222
101200000
101200001
101200002
101200010
101200011
101200012
101200020
101200021
101200022
101200100
101200101
101200102
101200110
101200111
101200112
101200120
101200121
101200122
101200200
101200201
101200202
101200210
101200211
101200212
101200220
101200221
101200222
101201000
101201001
101201002
101201010
101201011
101201012
101201020
101201021
101201022
101201100
101201101
101201102
101201110
101201111
101201112
101201120
101201121
101201122
101201200
101201201
101201202
101201210
101201211
101201212
101201220
101201221
101201222
101202000
101202001
101202002
101202010
101202011
101202012
101202020
101202021
101202022
101202100
101202101
101202102
101202110
101202111
101202112
101202120
101202121
101202122
101202200
101202201
101202202
101202210
101202211
101202212
101202220
101202221
101202222
101210000
101210001
101210002
101210010
101210011
101210012
101210020
101210021
101210022
101210100
101210101
101210102
101210110
101210111
101210112
101210120
101210121
101210122
101210200
101210201
101210202
101210210
101210211
101210212
101210220
101210221
101210222
101211000
101211001
101211002
101211010
101211011
101211012
101211020
101211021
101211022
101211100
101211101
101211102
101211110
101211111
101211112
101211120
101211121
101211122
101211200
101211201
101211202
101211210
101211211
101211212
101211220
101211221
101211222
101212000
101212001
101212002
101212010
101212011
101212012
101212020
101212021
101212022
101212100
101212101
101212102
101212110
101212111
101212112
101212120
101212121
101212122
101212200
101212201
101212202
101212210
101212211
101212212
101212220
101212221
101212222
101220000
101220001
101220002
101220010
101220011
101220012
101220020
101220021
101220022
101220100
101220101
101220102
101220110
101220111
101220112
101220120
101220121
101220122
101220200
101220201
101220202
101220210
101220211
101220212
101220220
101220221
101220222
101221000
101221001
101221002
101221010
101221011
101221012
101221020
101221021
101221022
101221100
101221101
101221102
101221110
101221111
101221112
101221120
101221121
101221122
101221200
101221201
101221202
101221210
101221211
101221212
101221220
101221221
101221222
101222000
101222001
101222002
101222010
101222011
101222012
101222020
101222021
101222022
101222100
101222101
101222102
101222110
101222111
101222112
101222120
101222121
101222122
101222200
101222201
101222202
101222210
101222211
101222212
101222220
101222221
101222222
102000000
102000001
102000002
102000010
102000011
102000012
102000020
102000021
102000022
102000100
102000101
102000102
102000110
102000111
102000112
102000120
102000121
102000122
102000200
102000201
102000202
102000210
102000211
102000212
102000220
102000221
102000222
102001000
102001001
102001002
102001010
102001011
102001012
102001020
102001021
102001022
102001100
102001101
102001102
102001110
102001111
102001112
102001120
102001121
102001122
102001200
102001201
102001202
102001210
102001211
102001212
102001220
102001221
102001222
102002000
102002001
102002002
102002010
102002011
102002012
102002020
102002021
102002022
102002100
102002101
102002102
102002110
102002111
102002112
102002120
102002121
102002122
102002200
102002201
102002202
102002210
102002211
102002212
102002220
102002221
102002222
102010000
102010001
102010002
102010010
102010011
102010012
102010020
102010021
102010022
102010100
102010101
102010102
102010110
102010111
102010112
102010120
102010121
102010122
102010200
102010201
102010202
102010210
102010211
102010212
102010220
102010221
102010222
102011000
102011001
102011002
102011010
102011011
102011012
102011020
102011021
102011022
102011100
102011101
102011102
102011110
102011111
102011112
102011120
102011121
102011122
102011200
102011201
102011202
102011210
102011211
102011212
102011220
102011221
102011222
102012000
102012001
102012002
102012010
102012011
102012012
102012020
102012021
102012022
102012100
102012101
102012102
102012110
102012111
102012112
102012120
102012121
102012122
102012200
102012201
102012202
102012210
102012211
102012212
102012220
102012221
102012222
102020000
102020001
102020002
102020010
102020011
102020012
102020020
102020021
102020022
102020100
102020101
102020102
102020110
102020111
102020112
102020120
102020121
102020122
102020200
102020201
102020202
102020210
102020211
102020212
102020220
102020221
102020222
102021000
102021001
102021002
102021010
102021011
102021012
102021020
102021021
102021022
102021100
102021101
102021102
102021110
102021111
102021112
102021120
102021121
102021122
102021200
102021201
102021202
102021210
102021211
102021212
102021220
102021221
102021222
102022000
102022001
102022002
102022010
102022011
102022012
102022020
102022021
102022022
102022100
102022101
102022102
102022110
102022111
102022112
102022120
102022121
102022122
102022200
102022201
102022202
102022210
102022211
102022212
102022220
102022221
102022222
102100000
102100001
102100002
102100010
102100011
102100012
102100020
102100021
102100022
102100100
102100101
102100102
102100110
102100111
102100112
102100120
102100121
102100122
102100200
102100201
102100202
102100210
102100211
102100212
102100220
102100221
102100222
102101000
102101001
102101002
102101010
102101011
102101012
102101020
102101021
102101022
102101100
102101101
102101102
102101110
102101111
102101112
102101120
102101121
102101122
102101200
102101201
102101202
102101210
102101211
102101212
102101220
102101221
102101222
102102000
102102001
102102002
102102010
102102011
102102012
102102020
102102021
102102022
102102100
102102101
102102102
102102110
102102111
102102112
102102120
102102121
102102122
102102200
102102201
102102202
102102210
102102211
102102212
102102220
102102221
102102222
102110000
102110001
102110002
102110010
102110011
102110012
102110020
102110021
102110022
102110100
102110101
102110102
102110110
102110111
102110112
102110120
102110121
102110122
102110200
102110201
102110202
102110210
102110211
102110212
102110220
102110221
102110222
102111000
102111001
102111002
102111010
102111011
102111012
102111020
102111021
102111022
102111100
102111101
102111102
102111110
102111111
102111112
102111120
102111121
102111122
102111200
102111201
102111202
102111210
102111211
102111212
102111220
102111221
102111222
102112000
102112001
102112002
102112010
102112011
102112012
102112020
102112021
102112022
102112100
102112101
102112102
102112110
102112111
102112112
102112120
102112121
102112122
102112200
102112201
102112202
102112210
102112211
102112212
102112220
102112221
102112222
102120000
102120001
102120002
102120010
102120011
102120012
102120020
102120021
102120022
102120100
102120101
102120102
102120110
102120111
102120112
102120120
102120121
102120122
102120200
102120201
102120202
102120210
102120211
102120212
102120220
102120221
102120222
102121000
102121001
102121002
102121010
102121011
102121012
102121020
102121021
102121022
102121100
102121101
102121102
102121110
102121111
102121112
102121120
102121121
102121122
102121200
102121201
102121202
102121210
102121211
102121212
102121220
102121221
102121222
102122000
102122001
102122002
102122010
102122011
102122012
102122020
102122021
102122022
102122100
102122101
102122102
102122110
102122111
102122112
102122120
102122121
102122122
102122200
102122201
102122202
102122210
102122211
102122212
102122220
102122221
102122222
102200000
102200001
102200002
102200010
102200011
102200012
102200020
102200021
102200022
102200100
102200101
102200102
102200110
102200111
102200112
102200120
102200121
102200122
102200200
102200201
102200202
102200210
102200211
102200212
102200220
102200221
102200222
102201000
102201001
102201002
102201010
102201011
102201012
102201020
102201021
102201022
102201100
102201101
102201102
102201110
102201111
102201112
102201120
102201121
102201122
102201200
102201201
102201202
102201210
102201211
102201212
102201220
102201221
102201222
102202000
102202001
102202002
102202010
102202011
102202012
102202020
102202021
102202022
102202100
102202101
102202102
102202110
102202111
102202112
102202120
102202121
102202122
102202200
102202201
102202202
102202210
102202211
102202212
102202220
102202221
102202222
102210000
102210001
102210002
102210010
102210011
102210012
102210020
102210021
102210022
102210100
102210101
102210102
102210110
102210111
102210112
102210120
102210121
102210122
102210200
102210201
102210202
102210210
102210211
102210212
102210220
102210221
102210222
102211000
102211001
102211002
102211010
102211011
102211012
102211020
102211021
102211022
102211100
102211101
102211102
102211110
102211111
102211112
102211120
102211121
102211122
102211200
102211201
102211202
102211210
102211211
102211212
102211220
102211221
102211222
102212000
102212001
102212002
102212010
102212011
102212012
102212020
102212021
102212022
102212100
102212101
102212102
102212110
102212111
102212112
102212120
102212121
102212122
102212200
102212201
102212202
102212210
102212211
102212212
102212220
102212221
102212222
102220000
102220001
102220002
102220010
102220011
102220012
102220020
102220021
102220022
102220100
102220101
102220102
102220110
102220111
102220112
102220120
102220121
102220122
102220200
102220201
102220202
102220210
102220211
102220212
102220220
102220221
102220222
102221000
102221001
102221002
102221010
102221011
102221012
102221020
102221021
102221022
102221100
102221101
102221102
102221110
102221111
102221112
102221120
102221121
102221122
102221200
102221201
102221202
102221210
102221211
102221212
102221220
102221221
102221222
102222000
102222001
102222002
102222010
102222011
102222012
102222020
102222021
102222022
102222100
102222101
102222102
102222110
102222111
102222112
102222120
102222121
102222122
102222200
102222201
102222202
102222210
102222211
102222212
102222220
102222221
102222222
110000000
110000001
110000002
110000010
110000011
110000012
110000020
110000021
110000022
110000100
110000101
110000102
110000110
110000111
110000112
110000120
110000121
110000122
110000200
110000201
110000202
110000210
110000211
110000212
110000220
110000221
110000222
110001000
110001001
110001002
110001010
110001011
110001012
110001020
110001021
110001022
110001100
110001101
110001102
110001110
110001111
110001112
110001120
110001121
110001122
110001200
110001201
110001202
110001210
110001211
110001212
110001220
110001221
110001222
110002000
110002001
110002002
110002010
110002011
110002012
110002020
110002021
110002022
110002100
110002101
110002102
110002110
110002111
110002112
110002120
110002121
110002122
110002200
110002201
110002202
110002210
110002211
110002212
110002220
110002221
110002222
110010000
110010001
110010002
110010010
110010011
110010012
110010020
110010021
110010022
110010100
110010101
110010102
110010110
110010111
110010112
110010120
110010121
110010122
110010200
110010201
110010202
110010210
110010211
110010212
110010220
110010221
110010222
110011000
110011001
110011002
110011010
110011011
110011012
110011020
110011021
110011022
110011100
110011101
110011102
110011110
110011111
110011112
110011120
110011121
110011122
110011200
110011201
110011202
110011210
110011211
110011212
110011220
110011221
110011222
110012000
110012001
110012002
110012010
110012011
110012012
110012020
110012021
110012022
110012100
110012101
110012102
110012110
110012111
110012112
110012120
110012121
110012122
110012200
110012201
110012202
110012210
110012211
110012212
110012220
110012221
110012222
110020000
110020001
110020002
110020010
110020011
110020012
110020020
110020021
110020022
110020100
110020101
110020102
110020110
110020111
110020112
110020120
110020121
110020122
110020200
110020201
110020202
110020210
110020211
110020212
110020220
110020221
110020222
110021000
110021001
110021002
110021010
110021011
110021012
110021020
110021021
110021022
110021100
110021101
110021102
110021110
110021111
110021112
110021120
110021121
110021122
110021200
110021201
110021202
110021210
110021211
110021212
110021220
110021221
110021222
110022000
110022001
110022002
110022010
110022011
110022012
110022020
110022021
110022022
110022100
110022101
110022102
110022110
110022111
110022112
110022120
110022121
110022122
110022200
110022201
110022202
110022210
110022211
110022212
110022220
110022221
110022222
110100000
110100001
110100002
110100010
110100011
110100012
110100020
110100021
110100022
110100100
110100101
