714969289
190227560
666705166
974639385
75669677
108938136
325259234
290167570
95515276
406956793
225687994
919687307
807102864
102754465
573304260
15115659
789331378
979347250
639720837
987303238
644985071
83985855
797783231
453424787
755637338
751508427
891063017
595084436
52223779
515201784
547940755
764867057
874792955
701054970
851201697
61320941
405176621
462210897
439181409
945160562
757913332
637382262
858151550
78797117
262672786
55616183
104093174
452631663
707691730
801954916
23751845
994909652
8234368
44660778
418326024
961753483
34824294
718347014
429481633
907398425
628786986
319358720
808212557
491615251
522718718
554337329
250104986
657085461
311353325
504477437
92702356
156575642
264842236
57697608
218068116
69986355
873514155
292676698
319364394
556311946
64887538
120827252
894610085
324534817
659738530
162758727
688052891
45068096
762276400
861488153
112777187
292096045
214059981
590649900
826191812
597487380
13562489
300485677
94272004
386927133
562846747
48936630
264316186
719813907
707756923
76430797
635334031
679601301
378999624
856877172
405362753
505148070
694723150
969377504
621634648
906106539
971166469
277453079
777986579
600843070
798282168
18239464
770255838
61518330
987768251
562967913
236268743
271037885
188154193
751032642
426530833
448226468
754573873
51764203
26560846
660987096
804902625
755166311
653816343
388826523
390860629
730496353
861995553
249123765
669777919
311009969
80829865
529334523
626103107
452698626
290283439
115024116
657758599
16037522
683639264
402143452
950321881
207272930
140102919
435988418
449984391
252597642
619505855
813446095
635757454
115091809
260102471
108268006
471999097
15734751
385840572
992050276
189098848
853414442
490963391
651956696
368533033
444232079
7275322
869416976
878738410
691160770
490479422
986574766
710395601
414970062
730689342
95444477
786420986
375534471
38408167
213329198
920727784
649210439
670230397
373074682
165694137
264342963
446247143
581990367
TIME: 12.156250
