1000
10441997154
13215040159
16195512054
99064165509
81947541917
42362525089
61048616423
64156742649
79066725593
23579461518
98728005837
74294661967
67452694107
55423797286
73327521259
18058715072
80909132897
90317686710
86484315051
56568047621
35783990223
42581475426
12385339638
62664179754
54025664513
77893552981
64690083403
25580377199
24445278265
83961516582
78448036677
57797433727
11818688489
99687106153
54499882973
15188666419
41068840972
56953847138
90982126745
75401600280
97451759098
15468276921
35905634896
94691796533
14563822221
22158952977
39764473502
64066472919
85576460202
82790789109
40794914252
40360835753
12510115070
39523440072
20390267177
72861716122
29794451218
81374715533
12907647702
39225298646
37967935021
98519526345
19932959195
97418950558
66414629743
89391659471
29460196979
63577490137
13073249894
26140633403
41259103855
83700287783
90178507020
45025492855
15803550592
48691932012
72620421926
52136491820
17444393464
20140656849
63765163610
87421103300
41295073324
31524702563
25505142230
55806766876
10386738660
91237729054
40367406782
43558934419
38430076319
21002670001
49774189909
14604794139
88863250665
19874699898
14750249295
35188232313
49945487755
83517906923
59327845325
66323629356
65399548955
99915230132
93453740609
67209098205
42985481949
10467569744
10424263572
73436840892
57595409196
30114029240
53956179548
13627780664
15330329791
69797391537
43965333106
32661062171
89923133544
98602160996
80549629638
10475947283
77889307665
73897214322
13645208685
68169767960
67208957539
92306756443
82005187294
48568894279
93856415326
45850137532
37732294396
34374612640
10648593951
47422468219
30416384583
65936719187
84213528552
14099402815
18254152366
49090127373
64499074007
24193756088
64576785663
59643128321
51692715063
29227960815
63235788243
46935012612
89474506779
37004393398
38603320041
71090410864
71632397215
80514388678
34330336039
75253531845
54380263327
59833655396
47852587923
35303729231
97091881620
36845475362
79639658567
49017286241
97489115945
68842049357
38887405533
10773495156
55311706765
81060388289
85536007492
28234232316
27849508865
34240065767
56223669172
98322600053
32667328681
80869240609
24087544112
50920973898
16834889577
20779703932
47777165260
55860316480
63182993668
77518923921
99967269910
35612238648
31489430274
18464072807
64067684736
39339060635
20365308089
78389051798
55036057552
67215816373
21289774774
64552294385
61406361877
10291175306
85377290823
22842795570
31722355237
59575107610
23999058516
17902626504
45285140811
23423945513
98716443497
25777673002
49253927149
81870105159
95495816517
84547255316
65938921724
24427245172
53206190764
82414093139
43547296152
81916573798
46247746581
26669160062
21965104026
20043532273
27348739074
74150610005
99327118242
28391979851
59505557713
79662758504
22876070932
66838693286
91505505962
44715225363
80436287983
34395656122
37735510124
76461509460
50791135902
62363602785
20831480887
71395232837
11462928217
57803744289
74584533235
71651358858
46385183500
21024501768
32624258361
22045588709
32473960990
71545342749
59937877092
40622996542
66604748619
45505774916
89342598174
69893408573
37241928143
48592289255
37033053659
38405938794
51627347866
92597693772
31735720458
45141173486
52977099808
81926655915
10456515656
75947245685
54021007203
99300254680
87710047153
35613418698
93256624604
90250073924
39338057190
27301062578
51385826478
14232320784
32572319643
60511343076
85591638647
80324847155
43860045092
49301175908
53103752919
59150763514
65510698984
73400266919
51924936032
95564692202
22360674389
86275396069
12213630794
56613917263
45551616675
97056542341
52127867923
72100808276
83735269526
77072615981
58409840111
34427941356
34114240324
35110711439
16221167853
26295350555
44513668415
54710427953
63023435487
67004707979
96744329940
35402375657
45789672351
60533372548
18211533795
51588457014
40694319802
62180642504
63864350583
32151303310
80374061691
88858130529
15112650077
52594623629
38978748559
92935658115
21224157720
88192946995
70997107499
10682879868
71101574978
80482452769
63219904885
62000330967
13934222491
86765290012
12579547917
87676189894
58968412635
87571436969
53631798771
57830669313
82478377532
77087836208
52913129858
81139040108
50033567131
89675997601
33811134491
41300222712
61149853157
27529363846
92799093869
36700771509
43634648971
38402783025
59757966069
98421519803
29113709054
12671763242
49222722119
78939741789
62101496078
48561313951
93701985873
83325890528
87285566359
80487610673
14202650905
49882665313
48207493964
52290411298
66340633131
97466314023
81320343834
71246555599
13136404064
64036411887
17146320952
51737846502
39164304880
92434119769
23490717550
33096360151
45220630537
43325473449
19433685339
50040166276
28261233629
89713236210
82385403141
27421029337
68822651762
85111934490
55306011359
77687956179
60423282933
66649105376
84871065043
79872736231
42709043205
68805710199
16600438516
55659540622
89400391948
47825567697
43178614954
82107016308
69405639575
66780171184
20419837752
23729481990
64971634179
96800843818
21184058263
96112802417
29074199314
21099967912
51504194954
19054975244
44207356654
61709160108
27803742015
69249568663
51882815496
77117838387
60014434473
93733179226
96162127293
50300781235
87285600608
69982859252
20635347177
18230312245
10082263489
43251487745
56589214520
77456771566
95299831708
37940273783
79798547633
48930426895
31348571688
71191617438
52517620969
26936907673
48180646127
16960995912
25385626828
93295629802
98992201989
30462001159
49319672019
99305584493
20748742054
52340465680
72334575993
77898142618
33677554126
79609830806
23339093771
86262670734
22122037901
39951059974
90344194659
91841645768
75028741596
95998825391
28047699972
17893434037
88477582769
61663592768
97535368533
90876878420
18645320735
85394956176
41378137761
39240313071
72724782337
82654247818
71216360176
19146165094
44646722327
21790592255
58273764484
62357886347
52446602848
80599720904
25225600472
44974448295
25002299271
58487977096
89656490843
68134388635
68689258429
51676308519
96851165934
59319572938
27213081991
39035123570
19586380224
79539497913
70646124036
59170030392
69268214928
25371027026
95485090116
43909278532
92173327183
15201963224
10017351971
34822332557
63065336916
95641539618
34771362029
16421237055
91226027126
30656782569
71641382710
73781530077
77146057868
68489607213
46440175042
78908847617
73811528016
13987358635
37387502969
16672366897
85781815602
90974835522
40669383153
42889175844
76893767885
99904594394
28218861899
16286147095
70058225174
12479753360
74747709234
13749593744
74058258403
62011142508
64802921406
10297051828
74545274105
97697322547
91119791656
79845634405
25592710592
85747129031
20300969860
91085835087
39352418573
71016173239
86006878110
11962212299
38121300948
54785950603
28657897449
28803392503
72122950099
50606393098
91293823405
10173642850
67367000286
14113138922
94163677053
70596114960
85008383044
28747929073
66271270261
87233838697
65860973535
14043197440
81062129635
24547245188
49392745038
73783293283
21036624328
12881620488
97670613949
35573354741
16342149250
55451904266
87525803664
20648099575
76191773386
57116651206
31749091246
58672100335
78937555731
56437974981
58048759030
32357237748
65922652715
51181454970
59161600704
53474686692
87600068999
57179130591
73804100996
26777117866
82277178483
54520422636
82202747592
35415318427
43221334233
60507258471
79828076300
79236627820
31613662770
51384333154
80695153586
65919230942
67985189220
10397513991
61724384256
70168667932
24691812448
59998196141
51728872820
70300249198
11970529750
56792932544
32241656700
65152326552
92353673977
52341976504
40425210316
57348258071
93173158080
25155834322
39141649684
49361007539
95826462326
99946484737
16766662216
87676879883
72620543225
70369915999
67299078369
13918390324
25287103663
49024646222
54139072325
53203488611
76468889215
32630340446
48983097137
85479227714
30415438851
87434206004
56618639567
27747465537
99724773696
74491033851
37949066210
42222748753
20902242633
30644571787
91106292999
69296027050
99526023932
28875544021
59052932858
49511085991
84225310059
24885904128
38263747968
55689710030
59677877332
29019597356
76091373363
53061436315
25039348140
99518314747
36432507068
32137950143
70368460177
79782399848
49608630805
63061553110
49385502730
81412211018
57409894023
80236505158
64184656411
44066993936
74650027182
59173587173
19843696978
96024410143
83139698152
55843294525
13096100144
39256467818
80435086448
54587487410
31549594855
80676984673
65329753717
98597245428
38234510958
43325043593
63913669712
25921144338
47821275528
55111192057
81215421866
96559504579
60945424873
25326764255
76281124741
26717015520
89223630306
53592023769
28551284428
90103702496
45377119307
84997338289
58549139044
50825619365
11333687539
72966297932
88826105026
77357993031
73867969833
58825509462
26135577211
87652112702
52979158009
72120740188
67567353163
47951073825
67873819384
84515332576
79694890332
97407161039
70541597285
94965372671
67082533633
20530007750
58343399513
26707255020
31508115712
66913716147
85934379639
94944542437
65951680697
85273964112
80326857116
64955789481
49927560602
28463356144
40086460007
66253878807
89901870343
33257223374
78697514799
57492281945
26485129872
88262032403
93273505587
87862733700
38354995984
92727457350
71431050722
82515040102
79504424321
14361823286
16519995606
92635740929
60964497905
97513716607
71479058318
42685601756
50368545958
52564150468
12036182785
89711094256
81839742235
64281518734
42703447698
69809376697
83485983574
61297742617
21032390126
41982752479
14541284561
95282352588
22612350283
57938900970
65166019173
38643418888
79777473231
10258528450
19276921442
55467732788
85378535084
22831391321
49894951949
50654063371
37182189790
81326757117
45952409581
55655601873
56341662708
29433379046
46432451507
37791108787
65861289777
77354630931
14485104820
64066703646
43304593429
41018054657
92458093053
33773232392
15464245533
70388412443
28218507292
28857885021
99569472543
66224780702
60949068763
87902271277
62040810416
89491250065
26103237227
86422439615
40485112485
34880832684
85379396936
65701623043
65497379285
66719256360
72714903538
11815527389
39884896203
56757744854
56018038456
55359045148
31769866796
75355271538
50567994493
49706462997
80143011295
47861173181
20151584234
69957036973
46261109346
35286416157
90034957795
65389740403
81991967418
13853831109
68403259167
19491872537
52163806642
31773187486
99550426119
85000983584
44455993356
63352677823
93133342634
26408652149
41229293503
89253155686
42408212011
30830662046
24669506377
15166784040
36738389989
35040115179
73987000232
79879444445
89408212614
33446895545
99360626234
24982541212
78320820108
85798711483
34619027221
50523601203
78615422811
86017646559
57750406218
19802134917
77993234997
18128859001
23671841591
14019307102
56441212911
26835975404
98114388643
55804700233
42118647264
87266293172
25491665520
48364360306
90969199426
14488975361
38264450970
25600571742
85833986212
36298803869
30463303363
56993177799
28786824960
76802472620
41132627204
40610579868
12718357474
67541437601
51037451090
98677058818
49778339455
33517273386
45135212443
37255286118
56753961454
89569131068
62203046616
85150208956
73118167218
66069655905
65100838555
30840454446
55758427399
29182112926
78430241248
38291207003
20122437427
48330892095
41295481711
65027440693
93046928566
96367459540
53393155529
96911851509
20385945569
48418452315
53376648817
83488443826
19573397768
68745151680
58455609884
67577447691
29005616988
53585694089
83090874088
28894134981
65317244898
29641244249
84103385803
69837984740
43102520394
26955991150
14548458753
82647719294
25776261555
92012326404
64663471825
85880151236
46234500906
31884816379
78292470571
44893939271
53855373199
90827055684
30354032670
34182133791
27010131940
18082080645
51363448643
33329301366
21308452221
38211664753
31020724239
17740084741
69696204537
58739875108
60435636095
96869071943
19478120274
88353310979
21805497790
55888762104
41728839177
49149518820
69151171875
79483736461
39623686919
77346831065
90897018220
59092288263
