100
10002016695790
10001059910009
10001948368831
10000284549727
10001850606105
10001539906972
10000791648047
10001535967836
10001778236975
10001574850730
10001242843721
10001009707387
10001405005125
10000598348861
10000404005198
10000352751857
10001839428811
10001296809647
10000120022935
10001724044312
10000191941944
10000786347227
10001054469420
10000075839451
10000540100196
10000875475012
10001636333977
10001952891272
10001763366690
10001737715792
10000902206629
10001632578832
10000650142154
10000703091812
10001917128559
10000353264611
10000095515136
10000561292958
10001889232447
10001873752111
10002136143689
10000984592520
10000735975850
10001393665166
10001582941381
10001139981048
10001746417023
10001274886545
10000289307048
10001866439958
10000851447209
10000481248992
10000505303537
10001905916629
10000557088443
10001045403733
10000633907994
10000045938772
10000850811358
10000249791036
10001783654565
10001753017987
10001882369868
10000286313071
10000308626151
10001652014779
10000639577682
10000404141288
10000065824090
10000381326481
10000130409751
10000054484131
10001365919001
10000866385602
10001448149297
10000801376734
10002006366650
10001047082673
10002076263279
10000148190050
10000766038983
10000780226840
10000629439042
10001271342521
10000538659822
10001186527486
10000169262606
10001172567816
10001232466258
10001020073964
10001422358852
10000868637175
10000625608303
10001157245072
10001154950246
10000934234455
10000661776203
10001794527928
10001338375743
10000727600293
