10 100
1000000000000
1000000000000
1000000000000
1000000000000
593863060970
398587694870
496079040747
490760690477
905040802689
697043809890
469084397970
485376947466
103459037346
435765934245
874285936693
539983209858
598630609708
395876948707
460790407474
490760904767
905048026689
697038097890
469843987970
483769847466
457685934245
742785936693
539698320958
593863060708
1000000000000
1000000000000
1000000000000
1000000000000
905040806689
697043897890
469084987970
485379847466
103492037346
435685934245
872785936693
539693209858
593830609708
398876948707
1000000000000
1000000000000
1000000000000
1000000000000
103459237346
435768934245
874275936693
539683209858
593630609708
395876948707
460790407474
1000000000000
1000000000000
1000000000000
1000000000000
496079047474
490760604767
905040026689
697048097890
469043987970
485769847466
437685934245
842785936693
396983209858
1000000000000
1000000000000
1000000000000
1000000000000
103459237346
435768934245
874275936693
539683209858
593630609708
490790407474
490760904767
905048026689
697038097890
469843987970
483769847466
457685934245
742785936693
539698320958
593863060708
1000000000000
1000000000000
1000000000000
1000000000000
905040806689
697043897890
469084987970
485379847466
103492037346
435685934245
1000000000000
1000000000000
1000000000000

