169346887
283185896
868445642
-24585757
422544195
100208295
581317967
416647764
584820149
815416370
265719628
867965121
463302594
407193844
632116818
668142056
425106312
352165494
458700789
926657325
448241394
682644785
435744627
216898570
843019676
959105792
790329536
28733451
768199214
297308779
-720503289
161894823
304839032
954206149
809241755
384764468
84951938
188243184
842371479
647140522
288886331
817006125
178179694
773694114
721820536
363867511
870904503
260632029
731275488
250310690
360957260
477295531
809145074
976825997
983996429
-397218455
742850740
502956661
395975022
738221776
197127495
102913193
103558439
234469807
767131007
318767498
675820481
-334023592
-258312381
898679674
262026250
127511426
937622715
664433998
357807912
423733136
665272856
-367044510
243212357
736821256
673595511
854319879
211377450
776730592
-61205662
797704748
-208572081
820287112
111102373
402120490
424218347
441012504
400521697
776609231
994549896
667800383
518428039
489753149
453540224
31647783
112310869
744383591
538788055
555787531
302936286
290677555
733052755
16122957
790938471
166744190
495727992
281049278
476539658
320205219
632974957
743966144
198464850
152453434
835785345
293150357
702991589
-31659703
392512685
907211031
327786315
929946340
481242977
621915075
665634823
908512149
619646876
-94997704
944238441
550592346
45461791
701064840
698349716
698524196
757860945
61640598
311371111
69452182
924670724
550519633
941738974
159066934
855363052
996693532
979550366
808982919
713389630
926515074
-59255101
718173434
787892552
79888409
443156591
899028724
319209033
419042014
115810495
692824358
810397525
691895176
2066676
908351681
435971326
17145164
844525399
164294105
713756425
144977425
869710784
40427640
892912884
187378854
647004943
732402462
846630967
321277713
870859750
249105316
997820849
628325691
311116145
634891959
874360289
186186624
785214332
730757402
573680262
81286911
399661557
189921509
206410624
481451165
313818862
1961675
809628136
750336620
165083219
739982352
589657961
191621804
289547807
815046427
221222750
439120890
277360450
281206976
60428069
665990704
21493489
210304643
16930586
761992781
829607679
713299780
652740562
566735806
176596783
235221745
326278996
372304988
95619257
28084326
936027680
306398075
198926811
892552
-551472595
832163549
265877859
968128203
142358662
34168145
309285843
628996252
512442804
482233636
492504421
73420880
119428934
671894474
-162261464
208710444
317108338
72395370
337613016
925842008
26758521
8289426
548623474
539110887
375290867
370464309
4839789
403778803
406251203
108309834
92172451
960714093
-89211109
491451298
687279281
669186909
567245896
972259044
610950785
273067615
864121094
957685092
46300380
387667451
532569299
131224142
70539643
320434318
53409510
479634215
223544754
415251938
650904373
640297749
540615810
788508181
24845121
9064549
602463645
213793388
480573993
-756940027
218024038
742082998
802688984
106634811
631128741
171483074
132497264
-201445133
94597001
389639652
441311951
340120956
34477237
842220740
143378777
249164904
251253068
26164655
30763848
705789428
928270620
862821729
89474643
755244313
247946588
10147348
837713666
206999667
109384871
469827351
619221324
539877304
864675390
535364058
-89758282
764967653
466929848
212045532
438021355
927749471
369762118
599654891
768853574
643801167
441089146
227700914
897610657
810673790
123929382
715602113
288640954
191439905
324819269
828719345
577103592
693606702
244895134
202758006
10068364
458630261
749107255
189641528
594065966
950518295
424042809
561568821
8993705
71463531
720253784
754515813
838273329
843227927
617780862
976859977
500730197
94863477
277077617
556069044
-5628322
594140779
423154863
44668201
618132874
173833052
78424084
478902292
426833659
-191206712
81351120
86072072
114532373
657112893
635521049
-123589286
-962274
70192868
271003368
564075473
805208316
525970759
96586101
283882485
888650617
286305568
297656849
966600209
593985301
381813610
118160518
178892286
958247448
332274081
214627398
151778490
609714229
198716314
-28628052
23923958
950387197
312451698
185868280
255671679
120215979
835504570
782247655
588395274
260597232
187494523
49953445
-150826387
649195124
235652209
199174716
412713201
55893942
817732306
394718987
638152306
281261433
735855507
996979108
96572125
28477350
373972272
859859359
562244715
323429970
953531695
782483314
956280595
263426278
80518767
106916324
781252943
176757341
182373905
794954090
97395641
318415446
555440623
146830472
251160363
98500998
731975000
45460404
441522211
180831518
417341004
899954
678888297
962138714
797311024
348244974
617154817
284393149
101593642
342059898
662231590
269211913
632600757
37259648
612313277
373904244
411644341
837940710
540686974
929435652
363833402
515869876
398805412
896058195
545133253
494082061
106899574
86277457
429329250
525864335
541996337
791751187
45327086
849735528
719111483
188955651
165478688
6463813
704674326
646885866
995007960
689608724
829409962
219089816
37069311
984196511
784699509
487536902
315649550
716666633
439153247
258653777
-432596786
119404869
905896542
198952543
655907578
167884044
115548675
566776203
865079834
410387211
792059441
5522339
558776278
242827089
64971088
644323433
672742502
886866968
590949747
-528629488
655416131
165685764
443840466
598660507
947875464
587280877
425817211
641037997
723058959
-222256270
211518210
53513250
457847090
430655906
488435787
837735895
521971050
448265556
720003182
285514729
998167199
493371527
273594191
-82906407
879991170
721518895
777258173
598824496
896399902
934553016
682575983
614079063
503699723
117603951
64419435
349271302
792401486
301999794
696837584
772759729
921340253
459690093
572801577
417182672
858923768
28686221
420542077
237664421
957057867
100672893
490750684
693944466
42162063
617841927
662167900
471456633
819951298
589196545
193057282
928639276
369199516
464379344
700233946
674206359
457616055
644124421
224623081
125086373
5460982
413380112
91019194
130239617
909942084
-72698881
580479234
53152547
835405240
775484112
129216461
236736871
406541141
237483192
183833987
602044209
917334101
59750968
348924159
129521143
452497912
724503451
790016035
546539967
170827069
854110798
207549859
91344680
267469706
924050424
524830366
790599691
33631212
466804561
213624704
323278480
77952581
613685922
376563584
98067835
177529124
953649075
608934086
667462840
454117486
220805966
884821297
372592026
47832884
80184114
440160063
312472942
921273369
134382419
228657087
163327174
397540937
-675130212
511285908
359746624
253641798
446244603
982726936
572062423
895031970
465852145
163399005
870013818
260028277
54636296
560810360
204209768
892148602
933853396
521076318
-144421153
597009950
802971583
38495823
661627715
522746780
524357077
582133391
983775596
284712362
935808990
472589635
702753723
72177868
839695962
473920786
134511049
255926342
305581366
878833922
6991898
70505816
837237440
78300366
779200621
925885817
461148999
347686130
985912339
476011785
466842607
11977886
540887440
267408819
933278537
943268875
194894543
908075050
780389909
909913519
150400888
83269050
832281662
354593801
273552755
152357719
838500284
552358848
319877947
183984826
487732158
345276939
-80214615
424366372
153972804
911605069
881024504
-85478502
495947299
591426670
260217667
377100721
996346985
950685872
719972606
870689206
809154108
603103923
586767780
809009875
920388493
533128859
461746714
118234067
591736725
425605902
563267098
124355919
58992841
374417687
574738717
702009773
743333323
275942423
340518000
764400752
344448364
887167800
642679860
696347203
606294768
595278330
967603174
808936283
89775466
285328021
135274516
212746394
743598823
626767299
228137767
255761798
305639929
105499903
175062830
146831446
863014328
-403532245
163037175
609439362
89924216
390978799
177042553
507966268
870787048
355774404
936890706
146335975
785778369
-332083705
286029420
204756391
296782097
987460473
790333851
309640826
527777539
808874890
833163485
475496203
219323767
933677232
810320954
701939858
79475021
877091076
-46745180
554156537
652339816
457629296
390035762
135055482
325632124
843169729
400899388
526707858
539689315
508751131
759182838
818368064
273935683
713562870
443808749
361612113
81784921
203723576
643372956
630522271
409526133
165843075
589478395
344982747
287215317
419202908
968540659
116006271
181451665
45509104
497006272
494179441
430221349
262799263
137444473
129994404
563588572
371858026
709143801
314402647
523172676
682365726
761928456
201987321
693393500
930500131
933249271
887019997
67960939
714186935
58680842
334287042
148172657
918807657
982706010
688036137
43201622
755516575
4357922
507613447
448828974
784066410
906228180
808895067
519834469
296384451
720329989
316662066
857048442
979343162
378225950
737790181
975517937
840980833
-227705188
28145567
37704059
259451565
515205873
359692346
989820193
914298842
979813973
149070911
419502444
423673535
807694251
279087425
518550299
772903344
65421680
665670342
749178579
495206895
410447699
711527901
891453184
147264172
612498426
289297985
198902894
206911362
361697277
270962058
-165477134
302136539
616875016
497711529
521640187
120689976
834274476
627668102
409920340
282983374
283165513
269570869
708333582
297626869
938791997
514735966
-333910465
-926986808
530633031
315064242
788995491
499743486
314650247
593732302
304958486
420109456
172051320
865920750
572321227
557758022
691037982
61626040
924153354
160553392
889254258
386550074
348005152
697686717
477403888
428235138
224159017
411426644
500830098
144930677
465161977
225401947
-370882972
274132442
710811892
151008222
126609645
833617810
207401874
852165488
372635477
123696330
357377332
132193225
68129809
89988162
349314232
513444850
283530481
43917772
795846242
736791091
411798982
-54280022
657458440
404463876
278018947
128176665
835866711
262167439
86792852
574526432
313629594
453257130
441061194
30332981
527878358
607247521
327940506
746061431
23249343
506484790
395026545
491360807
106882583
779239908
623692007
47055254
653413437
538575187
718884919
65187954
257256291
128844201
732203273
23221455
456393242
955520069
412484263
173477218
417598508
303282651
792423604
167392337
878428206
466823990
51463165
157547457
305099201
527792550
16626660
509124819
366912523
424754155
23147772
784850284
697680718
694773030
574503136
316527985
171515685
920648260
22012324
-48977097
891833390
403354040
831618941
755353123
624755335
190291764
553417451
810369665
297769995
597723954
84936912
444994556
4219164
402186332
754600454
377574389
67978778
392350969
41882131
35348860
644424510
252773061
722784957
2342375
824190446
537937342
434762624
183960627
727562710
554563397
451190071
134639238
713522323
606599022
894704216
868996999
527971639
268231127
346931528
500707665
531141026
346255611
50880443
847786759
130449661
115216528
238706602
994567267
978911816
874426584
657312804
725671727
383348431
554726372
105607347
451623997
421344236
323362904
190161781
188671892
648826219
748452481
537645660
163828738
699237111
10661177
361458787
734692241
767912592
976498860
-254037121
64482145
495049276
493575487
761841797
34757493
712685094
600884757
723192166
820000715
917447590
601261462
209858969
903344589
506320499
20983979
656350519
325973591
52615423
143475368
384701607
389505508
896634929
829149336
547058350
5558410
696688484
7196908
423530155
365854678
712170111
201228504
842687727
439598050
629513822
106342226
146247443
88427119
848854021
514700360
15823132
255600786
850848999
925215390
144174480
443238340
894538581
189693636
-147792907
505156162
860302688
139020394
715646909
669966823
925581310
261535096
289326285
364547175
956368996
289900256
302549520
153890466
991365896
500208757
904655729
637518548
919741417
697197829
605098631
905487598
554661959
126050434
408498380
227239604
712342068
589176579
335581711
221231548
-167281271
291353578
227870946
446417659
832940883
345561757
46643758
790794871
463955125
-140504841
292005578
496495790
496305652
639874978
229641319
254607948
454673281
443151888
136996276
554953857
415324604
573490389
672818841
235054659
486448167
499722713
559873361
438860519
22117125
978236103
780862411
450160505
425444055
879275107
575393637
940762840
642362519
260043780
201002887
270772229
998779495
739508378
369165824
810072571
345446616
96479265
94504905
156589417
199594804
654190445
613568434
646235359
194698544
480784039
680035973
94133418
169790120
148072009
525710538
220678963
-32286039
679994286
347883740
396574974
569744859
37095667
1571222
493542007
140786266
828900430
399896195
692437168
508272610
37811096
693894767
191465677
-93365862
527812680
571457094
944781428
799447204
515813092
261699085
784833559
280318352
968759141
972593707
39321230
387292687
917929548
976971594
178614058
23931900
763165282
301381686
483294169
458781426
404902690
313954572
437300328
286589303
203318170
260861760
928846177
857308485
141726024
296950068
155771306
658564700
337029712
514267128
229829954
524459235
556957453
809057866
4153062
857637301
115364388
562654065
888889015
335827659
185848104
390912531
15325391
940486019
574345058
165919624
54788473
38873401
574073848
405866974
859676104
452141186
625396624
4222905
565080199
282643857
168687121
656604579
-174414880
800263024
331664269
994334773
359789144
436835029
367736304
814017979
551334350
319567266
436617430
261975248
564529556
181059534
612687778
742306226
180686971
691487168
819340488
192617534
946895497
319634848
448123399
667850621
936965549
450742863
958326413
974703638
841362787
295123160
282024162
261627688
389745283
797203272
212827335
171635556
911907166
-214659186
307069855
664839505
996169495
257784515
47441517
690532801
606287934
361398720
208512308
458917263
253852923
668039459
269846642
31837149
714100984
806984362
569424717
665514003
979247750
622136887
287247656
827021839
820824570
597759792
269474672
423066084
856959641
78983810
25364966
50596123
590618420
393658470
492170288
486267317
685476593
-427076617
565296666
923775981
353595283
566090912
56732786
82749115
722773056
545618254
6526530
122197238
385398219
431421399
896728339
581554515
24525199
259313146
690082115
852254461
160735605
708724497
715373145
28460728
177600362
135445800
946639900
835291549
651670458
856569119
422103451
69453766
136852419
134518466
603997761
-17442314
82797901
269376470
620323251
316893175
203615416
399141883
898793086
929673393
443551912
95311110
978197132
496016421
892687983
134724250
179683565
556714217
396212831
773832727
242694052
433981463
764551013
378022815
707441011
557990354
354067033
842273048
146106457
807244913
524225132
655748235
385603867
869503816
279848826
15003763
595776438
40687585
55521724
786901977
668809095
330643625
241295773
766752621
538908732
248803371
555913280
344824549
68583593
259421852
880965956
861277884
164272072
902628537
411461833
904060139
32601087
999680005
451627194
19608381
848801072
-132796945
114996003
823954628
111240245
564378630
631117886
173304304
175675372
322578449
62509938
241372298
743837694
655433238
930291372
153789202
897534108
546519049
675653340
3863367
842292753
428000138
39827537
706944063
325375272
540571121
587908070
341140970
748047764
932203290
509762464
976013746
654046141
-123914078
260703675
775514168
-15447503
548421628
714183119
993697012
349494151
-256660167
480547703
510217110
958435732
301738102
397910213
946363291
39499543
354846189
887677900
985241235
893644563
754217933
587362213
19528919
-34307071
329545025
35631422
222136925
816583358
336314391
488985639
595146626
662411077
37823495
288195663
863577789
465876140
926464548
414992101
896861990
920855248
232464121
693819714
586443663
53751540
676817962
503995723
-235857534
361754512
737354125
539016883
838631593
22263805
306734904
690953185
194010022
-294191321
267762058
961808644
279210471
116370111
969503479
25839938
270070839
19824360
631706693
612060443
149274042
202714358
386908629
536222954
942510678
241280074
904670683
226783153
822649653
39856211
588421587
-264676634
920574108
386409959
581582121
774739774
415567046
82005498
427849659
789535872
908358821
597850983
193928182
552538222
384071518
696907294
780266961
447889717
571574415
595584942
205631490
706985231
-348871006
553018840
604323729
55679587
630647959
-146856882
477426419
207653374
368556406
145066970
240895891
207301209
571769341
798758002
145848448
622367616
457228276
669853405
31750685
343318986
522138473
214839628
465286227
394596058
266508096
165170702
229998916
184318283
109593241
-191892511
716433370
12996479
47260493
594465914
605517638
779263098
39954901
853480360
572893014
40135419
225016489
542292446
252952276
895629010
821255526
360665786
764716151
674943209
975093295
940283252
81972596
276841650
101204996
186124036
440547008
158190989
90256306
453473778
419542510
587778499
257021071
993648491
601802167
100393297
675460881
564644505
916077784
920722623
95572408
682222078
352975374
162142451
460547663
183342576
115113676
386228
225258193
533359587
641968908
678687795
550486044
981204871
96663467
618286614
142653961
213002886
502341016
660126763
570174944
360574960
789466014
720412401
986974150
54108349
541485250
153893623
218064082
301576213
154415347
572782930
592181090
75287258
597556647
837219372
112319049
254048449
398412975
735564913
537885542
86742760
739494081
730384288
281670899
486849519
757668713
923144182
707604051
839431726
178011895
622707423
826883461
406529000
353352011
349236745
404205368
470871866
188003748
75093959
437551713
769326635
610239176
24802483
430673240
610782452
764710796
639851377
6970526
844257159
983589971
740200622
691483608
613741459
158348072
984511131
134774683
631009873
955248388
664360985
953603102
771999846
211498695
727227784
466719269
532831183
234165956
877945643
515580380
136972454
586052544
960186995
415533796
557217514
975014891
592229405
188612383
824229089
311730808
801104780
460002303
9588530
67854262
217427096
598384711
264110823
642385896
995405656
656974576
220053579
516970364
877025586
411257082
351783492
77234710
870969884
789983453
790660115
264507635
865090923
872874911
763671222
893333365
856509917
259281183
641979129
413930987
621446963
-305054346
826058684
692247388
834949153
67578764
399793067
555767437
636387100
128515890
148110113
158248816
482652699
727215246
463384665
698874837
32789309
613785828
514327865
186699632
234109233
84921427
590642229
421773331
440920835
882562205
863748407
682362021
716650021
199083001
764460201
286072268
561628788
696883296
616387467
678084494
522003191
938360831
225973171
608887209
-167680970
705332817
738932925
78068302
200435892
173018912
-76781516
955981070
168165059
671586174
131079288
466433776
727702744
494371836
-239040973
514375723
993847227
114824185
810082419
915689861
944658877
752146712
763853415
234844734
248185814
76571178
829308577
131012746
15210244
685068947
226496163
580640644
288730129
745220093
711566478
219045638
364160134
770427741
313523841
252382951
835103201
298210497
837338102
350335555
383298033
842968469
280265266
578706675
783576992
829163266
959616996
102075179
315160144
123233974
514527294
381020258
710911374
816425229
398923639
391689046
745410097
384856717
925969636
863726125
533715114
785369932
846890033
354709602
399042702
43302471
331537166
485171988
496072971
-299116830
2278783
562244465
859018426
299189728
349168450
775763831
341475419
882965626
408946276
850662631
217816294
600412701
134267828
7315555
559396982
342703770
876466796
772806758
917077292
511547825
842978951
58297012
313605396
49494809
513804158
281269727
938805690
196809412
570165124
993128191
801664113
530632706
209500552
525514720
676568592
393780519
789575626
231343036
906965415
520012472
558303574
477918804
427732678
17643653
523318679
625184401
609700910
991973068
291218782
302117405
70925825
142002918
998311656
937394313
316089348
366318295
88632925
458574811
547684974
853491138
358790052
305609019
515724230
724451841
295536735
283907776
652594895
213171602
605835863
862062314
414252258
937261349
488885661
6714710
467638291
844229923
844743645
881428467
860617225
672211105
632920692
834601776
232132119
996415145
746983893
655453273
152949227
367334899
588542288
962276155
864662316
499223635
946940184
711357381
358010226
116487545
830467943
289403279
915066770
841886803
477305245
-116255638
95376243
908524359
51398765
-113037848
-225426675
675865747
899101752
669738779
873387938
963964778
633653006
628289729
787122471
605279701
858819734
726691438
547708954
804946515
169351083
414106412
242121123
170932568
140018821
270505348
669961311
373974381
768404456
557513324
905982091
751469451
334888892
968647292
218539606
669038867
59805215
207963528
385200216
82076370
236923
16581949
656380213
206550639
234485604
189604230
956254230
812575687
485935131
705417673
733802294
397851758
186389613
828664278
835498408
831414486
487880437
256578401
873084749
675421706
13307147
90616621
127857796
16679529
103721
514488379
914648500
779379205
123239277
353414465
914694835
338613672
779918804
771570511
864902610
273746713
-24688040
255343300
886927448
475146293
65335480
961141515
603422287
423708356
230360591
699401387
646415290
27338060
702006237
452118040
205006867
742863197
50117693
63265765
74277
-48859223
161424490
607900551
33757616
157155580
489565378
291000236
291321458
98295036
63745463
387564572
830052124
457757051
528410795
689818731
392746065
504236479
747627625
5873372
489137962
543409013
971326133
975862400
460576035
490260952
147376151
514481035
716971840
735956142
681678934
380102580
987820786
730148868
995697147
605714692
252512239
893262490
84590131
46628090
781558577
517410765
352765201
754208599
594122054
420203251
758151964
917313654
343683816
928598373
764767317
677174166
424272370
160360267
329051826
945361002
803451164
924339340
713719862
794359650
532622557
492243849
64990554
110025602
933734297
707782292
64628421
984742082
332971334
183990219
361178229
-275631040
710127668
517177734
625580215
718181829
848362777
284811847
445541308
768032775
487724123
276664750
468453405
631925486
-182698681
331450620
696075359
761836199
816390117
278881536
709711164
834800288
733192470
48345179
790533297
947957877
161327918
359322853
840082897
840033281
877786633
953694659
549638482
887304683
401727244
940855378
526079881
528038731
380890244
598018352
-65901516
-143921032
857673398
702669650
613317232
418805642
289414612
517841002
180663426
595135604
74205303
782793022
260256839
539277901
71714881
834117952
120935737
997279467
32098639
264288591
333807146
775366692
348261495
634985390
371725929
176362514
730069446
105395751
970695755
431707762
301977647
33788484
544405082
958714441
825574072
900527596
403264783
542080589
297856700
475347021
255070242
415448713
904838691
263728893
320577471
735843169
648171618
259971175
527386185
460462643
314465811
692876196
164284715
732391329
9031942
-42428502
235387696
279318180
404825751
294112817
568116689
636115274
192115155
596193815
173151091
688092297
721390920
752198382
492886722
722425716
358773390
263324183
127964302
637643078
107919616
495508640
365993001
243161125
625183496
158358609
36315280
276476636
59870472
583257134
452112404
970855328
804454325
988052976
226012087
465359966
415775735
353740430
-349237055
773814196
933859497
448682881
629335959
238594111
408370323
837984693
910868375
515504704
732123391
997842165
34131668
358574531
-107795723
661856565
-73302352
755132955
-93701854
852192367
976917056
864669445
228260760
732851240
440811418
375324188
621577490
495690942
427546002
24629286
-258250639
800231412
11430791
856453505
100037330
40272603
329245851
955498053
54455883
209143141
662075218
744025882
24716574
880631062
240303711
513195462
764589005
622248787
506402278
284713891
585700366
227484046
-202295827
726098280
330603372
282818300
-145038276
165783156
498849420
774519322
125537955
789603948
505766009
820977187
999749423
264782313
437391491
163757884
959696234
249895314
142209706
199278866
246067032
182366461
367501459
630381497
144241671
173648784
743313117
323286836
181395557
667217995
293278966
414050356
129074456
686616040
838538683
349319102
6508842
450333977
398293809
524903361
525138372
658679971
570317464
816021359
166507720
922055983
379407053
815608165
444985018
308983919
436391904
262574661
197976985
850574207
362510522
110843511
770256284
916076896
41260519
987850475
219272833
8245311
950598531
113496645
213316906
773606971
485020936
57519339
668007170
316946199
660520223
160690109
221150600
364494151
13248268
436723278
929722590
501058876
170867945
41441831
-69771120
811655900
714131055
174064312
686401074
46209503
712015354
937141964
362115688
579069529
259768867
559119848
966405690
589409431
517448529
985364482
299926292
509035980
697056313
661932885
220430831
106440571
605398281
305272412
784573650
241034155
797904945
-587600725
912610358
933289034
847545745
157414487
563879822
304688696
831004648
854022003
607684187
829256145
151428277
794978617
118045291
941405346
751878402
784664251
773954448
21861166
906174311
515959006
653872736
105038520
870566518
829781492
132603507
939753458
775469199
325552085
332246324
370377848
658034332
441134555
819524013
176638778
83018970
-246566094
33940789
52421732
30913903
848050101
531761137
52533260
314436849
178273926
310734982
238130590
184978011
208117178
360746802
193868934
264230288
830631914
-161027183
315401511
689207516
513274404
-156487503
601486294
296515643
293287566
945466688
747030761
516230055
116865130
666802655
551477788
847106805
442976851
862606606
90625326
641160151
1816358
38288864
76993303
572350324
287621762
619604575
923836343
889350356
290617726
782044251
917653484
250266349
241218022
680071840
-705993450
259923699
671428026
633901943
368125733
873121947
531899017
807195587
214166192
904642588
481179829
2978627
224751586
298870181
15245742
946961800
233844699
538095613
835937856
834400163
13143143
381189439
936303214
7953044
47304327
188760243
114539936
204276187
607640996
98563175
467323438
534962065
189996286
59948989
947391219
927111833
287508256
-319192109
573660898
-34391589
396434430
66499974
266995601
355867211
382169645
564056635
151204638
83370925
493230939
778664189
679635517
267667580
374380597
506047922
254825315
834666673
648337663
610061823
473615046
464207550
366026426
853968673
646480545
654321551
472374761
227290396
17311582
197424647
989854689
985700947
376510824
758278578
319172658
955217091
136804409
86878196
49474969
422202193
829576163
522721121
765946938
386970743
529323995
794211305
-890835899
288082297
-196346279
5177368
632924654
587288503
177271145
809290047
752928697
567407497
-589511359
342147547
990697227
372447673
578310763
795460642
743724766
451634312
198903484
434892850
160905077
222985066
493953093
568376802
295037809
675731231
202235032
618509776
447384549
32741036
915292687
236206966
703950292
792752296
788647853
414107013
501740734
261496825
55349002
-123508895
259159301
129406161
110692298
323733671
893085305
80641525
979966344
400317546
534377446
186542061
23249168
353711886
4395669
231547735
178383153
78307757
943827448
813196911
807106253
499910374
50650368
943905742
798093732
585801706
845133880
525526452
162004147
171179978
563375613
12931241
-390933326
934725650
-164012899
-303330909
28409245
531473682
416355240
772918028
870925349
743071255
51243869
664922166
632042672
269753780
918499077
346379185
165371055
290022843
842782326
409498988
-113828204
238795248
20807106
3852390
620846655
491689207
36665861
667188455
630039733
194083215
543863714
10917734
888584145
328028409
236083746
904064931
465730726
764263410
944246708
397401279
855031469
211145887
550067457
408102195
587638140
217706454
124551084
956511142
719967351
797606763
625501885
316954332
416032552
316031282
-111385609
450849600
429044004
276014851
301795171
637547044
614432555
605971398
290436336
73822288
645766862
981965048
830781386
383564150
380159668
28966759
59596129
575247703
456823201
811785664
243709852
622765835
573018559
499802253
935047135
32904091
604121945
94056048
142150695
245066893
229508772
544283653
55561077
289944757
150752747
394172853
823362996
611119672
783160779
191774323
465860627
655475343
46519348
810210627
144806483
205955797
409208540
406873859
166980027
597778134
242343664
100808065
535480974
731547027
563126824
652265854
896544217
896963140
395221996
494868444
896610603
994187665
420864659
953246941
579781575
671806586
367563172
366353961
830370927
856056398
602862756
649601014
504179651
111908738
736783673
811579723
273478420
758555212
886925290
469867263
571253087
447494981
254390437
961796730
242353632
334755422
427229927
12772803
520265496
754645872
279797726
148368631
520418903
922816000
141562127
46716192
992263515
297597247
810902304
-183971117
200421529
665123866
545898796
25006358
271232214
188479508
-371998833
364341873
106219152
446141182
51080585
398506132
103870827
956128291
971561872
862370714
238305737
798317749
786197509
567313181
374935615
499845805
111487602
28987967
254387718
598706270
602436899
229930860
922777170
762611351
185958735
74731660
632975405
487175897
383471569
211199622
195994837
624810609
707685475
371984354
361561313
799092469
804934160
727355373
948519196
161659567
219333685
939028476
48351877
948895304
-24807968
403762226
116775845
968365297
364523737
954718870
731212680
415539725
937730848
688145211
391645828
435537106
441101060
271804624
896404713
486055820
732956024
683841983
451155623
997125606
378435621
613965476
246333073
806783697
698111713
376751184
901603255
440232095
478969851
683426119
831346163
86806173
949172629
542837947
655409967
626960379
265845172
295728685
122094265
934235661
835967021
142222315
634032182
513807284
457124177
103560210
980728630
898202158
216928892
38661339
162047006
474906212
10340285
929065903
928262841
186525599
779749135
903633276
596846508
465611699
968417042
66006212
169526704
-674396795
645754261
46934337
618716539
814508845
738892463
485060202
278878428
855537779
753821546
612467496
493709922
876795063
585489966
530559536
889928485
395303006
786577854
471899605
353717575
226763093
-38005814
247029347
131078119
194900275
89616829
240001137
561974254
496765566
731142705
736956980
430382908
904452190
329737750
491884309
954609611
29320512
774441211
203072876
806677176
219365885
349800233
583094305
963755928
731706218
414805260
407575649
208093596
762490067
918586595
836641277
513953359
800901632
10862142
39555042
760059787
750730308
870224484
743665124
338409449
912357879
928720491
330531646
311644064
684799183
124926842
13085122
544811239
146945021
401660628
855631386
783581881
410849205
77013753
510845137
594515292
37070658
457773386
664494760
73192241
28781662
597790245
435965899
523515278
452856708
875555001
479511501
801326919
989712556
101512316
959149061
665939819
523846520
561727123
-373598088
574802698
382062788
532691442
275540329
156953831
897048611
913336124
32758298
409958579
714447747
590196170
950064122
687476534
186273067
869065092
480733637
321856141
975668921
492894374
333222476
689295348
220758734
47557684
428943462
127299300
532312610
169245917
521049200
739312001
173361983
809099
212093322
253884538
709122311
73979706
394027034
75465364
797462230
330144909
104317443
80009687
238359628
508016585
931672342
890357055
982602521
640935789
367311881
655603521
212680294
501217618
506363396
463283361
842251831
793606404
980926057
833108052
434586599
158109894
796261479
608205832
20243411
880071185
401597662
638304106
315178671
42119780
231675593
36850488
274780064
418978017
31018338
709153158
966751935
-305165043
382163485
698805924
876592718
253087329
550504558
296834015
195976377
256721767
149791576
697066404
429282539
633306961
657148157
595138434
379319188
399011881
769643823
747288354
74354561
433676458
941159232
82849325
570769032
93240024
69860269
661161585
14108022
842536946
532073225
806287903
257862060
507332707
909406326
579916460
868442413
64125315
140621379
554559239
995558700
16647869
554416316
450479272
797405349
19355424
382251174
417361200
312371401
354829397
276782194
977370337
765066039
-368097702
106714315
680874770
204887215
124539817
994662935
35121611
817702179
781058861
399249730
917217904
162245947
972512720
392106390
749371671
365638709
613912887
284431034
180944702
529945455
423498268
657352648
958606891
69456035
189283915
817296124
797598776
589503174
829114865
511475244
638295738
413013647
240529411
892555052
116091560
275828146
976808753
986333981
441874039
560419917
831172618
898938463
698002907
37149627
724081686
275086204
151628401
773321536
659948818
806330674
983889743
896393805
754124082
49827640
925783204
43006204
181344206
911961438
271204142
588532333
842485112
802896945
-195856532
382061492
274803714
68299076
832255897
168175121
968149316
91781488
94672285
382854985
966913067
631356414
27819529
126233314
623155269
502568322
285362080
875680170
77884794
361993970
740144863
196350839
506322800
11517241
603267697
953788288
15493804
579223335
447815334
186099203
73585903
353380282
812054462
783528342
670957036
513518441
804413485
267451665
854033614
865613442
659627919
180948542
682640259
928252978
318364405
460713811
61365938
231444675
427326491
327107362
708324479
184681246
335866751
409739443
173778664
516262095
756785480
751980598
562991835
807087261
483681651
614165160
255219777
935562907
358480185
951319294
478900012
8572929
895736849
5763551
274581498
557057141
18724366
120126311
306312372
665722104
979756151
430386321
695397394
826595569
-362327249
764837030
339027611
459703319
190067205
619882956
502816391
203617332
830439269
213933834
243345500
292288998
159544721
164138948
927219926
212435419
472427230
-374411908
105323088
153960350
33211398
304804494
75148849
969393126
698167551
293184055
874802193
262394186
966317256
24217210
416941850
506014549
265773607
333136336
443772839
984699119
631644456
889563431
618196852
236916407
432101243
63091520
620547407
524551542
635332106
944845238
390661472
618893048
398825622
74422858
384480651
283305651
289923780
649323928
411684556
211731574
453185312
54338504
982667265
186562144
624865159
120699960
273461218
826560740
843907952
257846675
60329704
732421726
709167870
466716354
422559317
770803771
18878415
896640175
972394217
560962017
677726988
574568309
966238945
87138686
950026662
891737143
15221230
526136637
604946809
565126705
707624967
687934366
712607592
768049632
173186598
778707156
556689839
438278523
154491564
421187828
140521799
472808346
678721512
82337161
576070644
696048616
123342826
396741641
182327822
-549769573
550244996
872667110
536564033
355132784
132605874
59466396
563620956
475086962
731097935
472185084
755393459
819843846
432547487
207539210
803957286
792442992
842200022
240393232
752488823
882026403
880699090
314701611
78270493
85484233
872752040
505292270
533376616
951239168
789249976
380773166
78314913
137124132
850381582
356611700
316033689
872574591
595273266
129062333
729648477
723150918
30819400
295885929
2314347
90626737
60685824
180951331
202498015
790133312
403650159
149949908
-179924532
314014583
354592020
808018998
583624834
938686876
431364676
654754265
293939612
83891147
413132370
214499473
741286
674772700
639452511
278703210
202879839
203767970
905880537
745869878
111172375
450380687
405934038
561573477
216351513
83992002
445427102
305885811
177590352
607835830
666660378
788752844
198762691
152281231
15468320
715641571
533014658
994309506
435189034
784935055
358939245
260437097
568352664
233111090
350612899
971270347
848107803
214293142
475768530
789161637
289473306
181328754
262229268
622694006
865161687
347457541
266156880
211438238
437707160
214215946
212932924
583422177
67069939
950006133
447415085
840983536
504972370
867626546
593273588
521128125
34035375
273694821
265383154
68543461
62013968
660477165
144007963
738692074
415883635
374646357
791046131
971016230
985949777
690218097
255168377
315867493
873263273
812573287
819701900
75809613
797876453
608885542
419443262
760928047
884986315
786596030
192233605
230873921
-122871767
819852428
1060762
79828745
798674525
768629963
993847884
788640762
204761184
740505547
169185343
65819774
870258129
552679744
727898897
822430595
680920780
765960229
889754863
192171590
718398114
8556517
361805004
453828125
264316167
239899212
42645387
698546106
807837551
600230506
413150820
175501570
813631917
377337827
913354814
649759776
230158124
615312690
796130540
199953019
233292968
788508903
182080404
309156380
873292537
950655199
78423968
663223376
82608321
850174004
462362009
441759593
291459411
849103002
768149751
931285937
242843910
132877880
680282912
892067685
97674273
969123714
558920806
544304803
212464609
492181524
999229968
788402952
31400138
298298921
646818703
902236567
202041188
382454517
361113795
439528149
791740447
637059815
261051493
636093878
551851810
21639421
385470992
973122546
137917321
946870017
881124688
6722
735433341
94825026
353999154
81255084
236959679
834141621
-256199620
777476966
600992080
302974077
-513005038
371773051
328659004
235687721
616899488
411735025
980312021
303353422
442583240
944404986
231434383
557682040
-98828412
867977866
156017404
657219536
805658111
731889633
726086528
86792125
730890306
79765612
218535591
238350932
254476379
851867747
671755344
93411611
718545157
704768331
140834447
210787898
978323583
544996902
305796233
49647436
675126436
147750368
37482631
103692934
764792458
659802101
884963197
125428250
983610665
471051422
847921957
327660401
481233525
733143019
277855879
268090215
569479679
319909779
245522889
468430551
504994375
596561764
318777125
788627987
747290911
413078472
207631705
161371327
957859611
59424856
671413813
262164665
102758194
164482506
527310437
22313015
415754271
752232399
853052970
761355340
-39566176
299814758
702076987
600896576
943717724
-25715888
599229902
812713884
60035231
476299674
736270483
790416430
981909749
806737307
425044308
378460385
952794232
-341034052
499848261
647422366
470937429
591640658
437528293
185898248
93064596
704107064
97702802
97023333
151091802
753049063
376642596
707332560
759927338
22642210
886488872
908012318
109634257
-309638789
257604082
807054643
72455301
475823046
681473697
887636811
-135200854
981986065
881604848
-169991633
408428063
948130907
987304810
698333071
620265996
345038855
755478974
464915312
117941018
928970808
603839274
440938891
78291014
214332770
162449094
590485630
533144638
558111800
513630908
399085356
236309981
475001505
455190559
941165569
932715267
541669573
28860747
412817874
540300046
475563367
519987932
885894887
882149283
163996775
676452591
503371095
504599749
287382439
953638509
153256505
55408518
90842301
837065109
119031682
635909215
531741118
898761867
563210022
822184551
579612420
523458064
728803186
565371209
395224921
666112844
291056553
210101663
935589541
708288287
393769268
383355579
72796240
482218258
57196909
955871664
-94804357
551009204
748578246
-286194422
-62318431
950601994
915280961
632953758
272389433
590856305
318588879
766852912
602736260
222324495
900185594
859144282
593478549
723796526
130223467
499409247
374014380
467359658
878243195
565157987
814078165
603149520
535869439
838284809
789611612
441710002
191472466
224538043
239504540
125887004
724619905
58927074
892721149
975563654
822532543
697790007
481711077
758815364
62313320
590403240
528068363
-15894217
167113019
