169346887
283185896
868445642
393070242
422544195
100208295
163661968
416647764
167164150
815416370
265719628
450309122
463302594
407193844
961492836
338766038
842762311
99197504
876356788
356185270
789489365
23892749
447616580
963930587
843019676
959105792
207985528
864045449
856479195
803244759
114808709
250174804
722495031
954206149
62209738
308356440
590887918
441211174
842371479
647140522
124198322
81846061
178179694
26662097
721820536
781523510
35592505
172352048
313619489
414998699
260805326
59639532
379617122
647449979
642748458
20437544
578162731
920612660
496126956
244157749
197127495
102913193
444806410
69781798
843539035
836575431
270036435
665976415
18399515
404615647
514994240
568911331
937622715
740842026
357807912
512013117
82928848
721235478
243212357
913381218
344219493
866191832
223249403
359074593
886130223
227232693
967987888
743879084
464222297
72744472
6562348
99764533
283321500
611921222
576893897
438576299
100772040
819129167
300724168
613991791
112310869
162039583
638939989
603275343
797000313
591133357
174452653
39866863
867346499
90336162
836975963
910881098
853403488
902549227
962350975
579278135
451432840
987765432
129545497
546118347
120647581
56620278
721888703
907211031
292170456
194786276
504986883
851139159
582531152
820232168
808078791
198762455
462046367
550592346
45461791
965904783
598197782
357276225
433661237
202584701
574691721
410700153
953590940
550519633
41890901
758459205
908027174
996693532
838606263
338662798
548701621
761827065
864336878
782709509
876172533
79888409
407540732
591877279
283593174
454657873
968170756
540008302
722117544
615487148
637074806
478823729
171131383
193705126
591557409
123501936
525324510
538889518
540334766
152451527
369928641
187378854
876229027
538794237
264286959
309405760
894603656
578481334
974076943
146133617
828924078
899731902
39048291
574922407
367558333
501533318
320712272
81286911
729037575
806362043
41722615
481451165
636499237
818706077
602628625
167992612
317899275
169510297
7313953
437894151
311772380
68014410
637359416
955409490
151945277
850159698
564844716
83646696
515557516
343033770
940522565
261233111
817735726
966267770
433869098
482112802
122413328
16350281
149719034
625272978
95619257
569636165
212739569
752974290
198926811
240469256
372119384
667475540
36653775
232968139
588934877
993375983
244749768
858220336
789154700
76449590
845624345
73420880
790052923
860326389
837738543
779182499
228828357
637691115
249333035
491137746
315342370
590633434
866127539
150375104
69658755
282184328
897992219
745026774
475963588
537837786
503132807
313834010
669692861
897235344
357903263
151378976
338021812
182915525
610950785
943691604
40681049
652052980
399420304
311259423
38505272
513264282
829443613
425762562
800441527
162130150
6192623
620732116
650904373
363585853
688255556
623820172
7796858
526872482
678871673
667065246
91838210
166651952
800368046
918642960
802688984
536162763
384856394
830235110
132497264
722146846
929908999
686438477
276623942
428400937
991547431
398683191
978690775
84476895
313651499
197548307
439586560
929837202
446078546
862821729
378058492
158890708
345960878
193402953
27664907
648399572
980312728
472866017
838092788
765444411
738641906
496091222
830176720
282775579
984737781
653445437
480332857
684515790
369762118
29182836
646477067
682455692
826167952
684011438
416937916
910825724
577201240
92465936
132167921
566166091
973218685
828719345
588975545
499998477
304254899
9149781
10068364
876286260
543627077
466353424
212025826
974262201
786897042
359127309
691489647
400839549
769260929
307939598
255929321
111106529
706060843
745498249
818234262
386485992
579052752
885445062
630899141
689116403
277034450
791700218
112196894
552216215
102167990
833541549
436567968
750952863
697173343
792311920
620468353
870808047
720144053
523290797
111061613
12352436
590026766
519626327
638382663
563105951
172994129
789818465
633544983
369409239
789583232
258222717
680127638
193381695
459408489
555756116
729023364
528920972
275506496
905506150
445026220
957620284
400899900
365171929
632883132
224171717
756340335
394478138
683374080
515862861
479654209
282763162
425285241
407885320
423160298
458300193
713731199
321794546
740726555
526256421
802925959
80434598
812374986
86247847
775325460
945893684
529697653
320619899
116757331
574276140
377667285
275180199
323429970
58241621
510329417
998592097
690816586
333486757
874035270
582468408
341445350
762580269
691145179
647162456
153727437
767616444
468892536
816456108
45836876
731975000
169356244
500881976
922687225
454476196
363754187
84672336
138698669
510246508
455092551
937697548
757751936
996265405
589851578
242437947
387931443
985720681
37259648
478064817
354718337
384243458
520436645
853014729
379050526
929129147
475077707
157709375
333801116
511036727
225585141
104761930
14427428
541353137
702424297
672587820
984741101
763438887
773327500
630831502
286969941
778262245
758053829
704674326
739723846
251014609
13808425
351775887
54401807
208452963
157099489
784699509
893320948
322345193
524577741
549039490
718621278
44418978
446643243
856271086
375512505
579499550
167884044
127420628
831616146
647727703
161977220
370746465
862440599
300631978
403858121
945633254
873547517
667566192
743785221
312100207
748082415
800918233
330373773
638968024
24531475
324739287
454551750
855345163
323533932
736450245
596007465
880004555
589888779
140343025
921062956
251897749
355543821
178585435
490577058
633242534
984440623
998167199
822747545
350002219
253165254
886686813
821670829
371474127
733973978
418765827
628920904
348023655
155012584
12674362
458233611
772178616
349271302
523904566
614327549
813419470
643687579
451020132
123000121
545400694
464670484
665315543
524269581
668333757
690317968
68463436
568855370
526366543
500336241
636378024
665329739
3415864
213312333
948405137
621155427
270984643
687543239
372238182
645497305
577857439
782573269
314534308
644124421
572566695
220061997
818548407
41074281
508056882
571639522
931548346
39325006
575302924
83592096
59453007
247323559
658896347
925928456
905163167
393337914
107425959
714068096
37572957
626566046
445419116
606536907
387961837
13087293
78599877
546539967
776296672
435836488
966453829
543998227
50117575
453730303
283116018
465781672
547782168
244276120
764910852
576246470
149184299
835596052
918115423
675235533
325168870
554560672
620806039
967918642
406011363
597669796
609628734
760709498
477360836
993423473
693128053
612928744
153536112
258278259
236872063
98791099
815196936
178749382
129245768
560050492
614976698
736347785
576942890
25334274
745254580
221099131
276942225
699531188
149523723
298770999
650609674
204209768
407818884
651965190
716203876
179778555
430184297
662027480
941382562
673499668
853642131
447949049
846973334
754551512
907230228
103535658
978525615
857089112
849649434
457655822
142407124
604212859
994125072
706189102
470912232
319319653
652849824
125821282
954404533
762152358
555717630
105891431
272797435
836134949
895187117
900928558
353225857
515005890
386128349
33430464
124386829
371454505
184786939
37915891
10065446
930911120
42476881
172911315
607561791
944176744
416579351
396482068
110340632
355493806
825070288
482555848
7067634
177311374
36531611
671162426
631236196
221654157
460631336
631096781
585632049
108920944
701300429
725712421
599085281
719972606
123038878
385703488
57895107
839735770
605049030
480507921
743167036
967682694
308185315
262360707
425605902
999490693
30899628
427023384
738791253
851450613
579633266
364331849
801965332
758173999
940960714
332576411
170575332
740694150
519787241
453478712
78989730
123457889
180623796
254463475
637829634
99658657
818215997
821526184
902860884
349895963
870064688
233789900
776123892
669126857
678030665
803036252
937715733
833661164
415831137
592203219
390978799
983434335
826989666
437602119
735676900
454698632
174637880
236912576
197596181
395915663
686948465
269381214
158844118
978765766
188783652
337207980
961690946
997851494
375344269
219323767
274925196
380793002
701939858
385107133
977243010
662533334
10467054
752491750
995524158
123058175
858343593
17862368
542713927
348235266
20771878
948512027
647557590
125694041
889599782
97375721
878250879
178968806
11530855
320743314
597635669
420844515
139496910
876189277
583499074
375164930
215910597
178230096
480082006
956668706
710222232
828331748
833333290
79350273
687787666
879836230
194606211
831812368
129994404
429340112
28472411
203207821
326274600
930476055
439132045
997848183
40337978
858081509
64130273
751512999
367074420
671911209
549498926
491247460
537629576
995356608
33870203
890769052
688036137
713825611
11523224
842708586
775492056
448828974
784066410
870612321
599757912
243122573
846151266
14090141
657910037
651568264
979343162
145344889
143574220
28182052
2011858
442918801
128297501
804823005
430835217
250365930
922850447
923146474
114602703
473877993
591990149
877950612
633711712
743158176
384415669
289326215
942767663
559485707
512854286
54810684
869933081
926117988
422944052
426309373
320167157
369264745
983665880
984589436
548159333
232625127
941586047
252178865
393455186
392827242
915367528
557256046
836664133
504898458
596610242
627272471
118295365
977533408
687226868
720205535
969770191
605759002
140910802
95617487
507099150
994257509
885536297
218523436
616943683
261986125
542587513
272381293
883733934
895339431
79615897
188761754
600069524
908390113
95722566
535417571
160553392
568093216
124748797
348005152
845326463
464012602
516515119
546839392
17514551
95046052
214643062
105346410
899064602
81770575
674121867
992700098
7926475
686729080
159336844
648801779
215019714
954979485
989447877
833774785
802817214
65992165
391963297
228457058
513444850
877746442
352588550
715781237
376357213
411798982
553327225
684241012
627893339
272842637
351606128
928704691
216198960
98664805
759301370
749234878
169849591
902548028
964277580
918133474
553064066
772997388
328405432
945321989
341796781
14505738
699879651
934880627
50775487
569508552
211743263
507293024
349524961
7468761
756517183
423463633
142235487
973299310
837828213
532801270
724158341
712321754
694323817
538455682
415306538
286487624
2086017
849507990
643383952
795456516
687227343
762929058
238590390
426067683
658283898
426272288
842410154
364395743
583928105
830409845
63421877
968415229
125958426
492676727
924305237
280156624
86790696
798377099
162258003
996306950
279856692
529161400
426211491
797552154
832594238
409793882
628163503
908376957
984408751
213356319
540992791
945170013
215925046
527946279
229800604
210227117
186027272
391456520
187618675
816241248
202646243
824190446
249353493
432624980
71936740
68810674
199924140
245709893
170255097
194195057
59870873
767151399
644949225
955361947
767471464
362460458
25211234
922014453
828447685
909936347
925095809
649776927
115216528
921202544
619222770
814223807
803194866
851822051
799942111
483500365
376028766
450512295
542942644
34127786
317568283
870520079
718351778
478343589
189852379
462756965
783307938
987820960
859364461
503303912
34529725
950549886
616683293
669554858
741183466
903871988
805903242
191369742
239619360
53933058
530554061
860479292
159111035
282439460
601261462
416240169
715813696
996109238
742134446
776589382
99788173
712268481
601923536
384701607
620248925
312771588
105861225
254199213
346188070
66238353
510995244
486546897
530542687
418409952
187837218
580886450
890732264
18249598
106342226
652183423
475025258
518859692
534787289
357071103
609621732
755255064
552909559
477207475
999700798
953280035
455434601
135614632
890234968
682223393
664424992
880334918
862956737
608077245
3390796
91442772
70168705
840069821
851539024
302549520
342322381
508555511
57289519
4807656
231734502
235107831
442710506
697936611
287527731
128790984
990282648
602106605
610180766
920860912
741374324
573639082
229446524
513695338
2151418
385245001
140785547
354405786
393049569
166882621
133562168
976586748
694807157
544973568
508367743
701785830
974427306
624454434
696007853
957570595
795653501
541260989
50537210
801021721
317483733
117875716
471592697
958287621
616922910
447849474
908562329
309181641
214774134
184508806
445602506
183729707
432698892
732767692
923714577
642362519
421693123
442098924
985845364
693147383
327028689
518324903
178103107
820943047
121742504
106376858
427223981
948146154
195742277
170649196
87635257
774003886
648510714
781707240
345582075
758211460
932239218
892221748
550054981
957361348
208154832
588361466
179222843
316776869
709238989
221962019
518805246
5919495
759188045
579494823
80554633
717409765
314522992
541078711
368025639
38744954
887628247
74354401
946919072
811319157
186437074
348459733
48154162
217301610
398287086
66049991
870976251
414693570
92970170
315180892
196563343
871115851
698629207
24051479
524086338
558933360
443557215
624144683
278689651
14435406
79422330
106526371
417115576
954421753
888758041
938653841
271452170
141657789
204918896
632368347
202429071
781985224
898205424
941168682
851337013
387317180
33780050
686549905
870321419
138562457
113998075
702621975
247588141
877469277
192304918
165919624
762547654
237039625
606032730
494146955
297419025
564165073
243356484
578351937
457614311
944434559
679799411
796930371
617967305
800263024
782798483
535886605
218226730
364985000
670329750
846595172
676749523
154879257
871321692
885111425
537746984
535698791
686057140
159962218
580676396
78703611
90876067
10262951
259223245
8208115
718139652
774079887
140308076
715582806
781766451
315951602
459322647
972442792
647016039
267705020
333424184
973763234
718763315
136019697
361522040
202996813
54101865
664839505
890222940
910741930
490360755
361156783
760623323
883764652
267253762
900317168
462371767
857372396
323411786
308549045
251995839
494656607
47959807
288650173
473311770
615441244
157557195
217276948
856440429
581612551
354097676
274808027
529102956
36053997
583346757
127004151
787265311
953777905
163695292
486267317
746355691
625587512
72751972
826662713
277187255
865027381
484123094
18213040
641188718
44858584
274405139
344107368
179918041
979050570
590477916
205591707
695149188
651087595
506208199
662303213
578391604
291068498
161949353
152356568
179119695
9412316
979217093
509572508
349077012
680009157
362743686
28661597
707324474
810318765
614350381
617565816
641398003
175920179
425195693
251738789
716247039
345859450
898793086
398474174
519959940
853596769
45771866
496016421
281423759
4132767
267963546
303746227
15692024
708678341
413459393
787101387
684486008
536015181
662991865
721159030
877051276
511377697
478521141
660506189
53905011
205515043
56227849
69807677
532816816
821395545
49048289
594111377
762662594
963461939
811272531
513280919
529879622
564311109
4052536
43323193
603401092
964303749
691101459
488645936
298621948
674365302
627278239
735802884
394413570
472394543
137311020
214894485
729858423
601334078
73749861
184707120
537210001
553938375
850958308
375328404
731269820
438144247
97129700
852258335
645754968
624931771
602893591
69432253
982955494
801570307
910307083
726117677
517660974
47694202
821587513
140317311
710451526
783352091
357334154
528699168
161418784
87554669
27798319
490185074
925280819
582101653
682348046
524485338
260703675
775514168
555024552
677493778
87389965
988520702
756797530
850187417
6570605
194232378
376091724
459112157
161990486
487915123
998707381
631558085
442621018
354791104
996835163
597744900
483553302
437184918
965692936
974287464
923607542
829744172
826317667
560362165
634487741
823752399
280370937
86830640
288195663
138152034
278963558
873800426
636902231
827149605
831956956
156056093
629283639
398011748
754815078
259161963
616019610
747094210
665867291
803409533
360319277
923254597
222567673
630934612
955793128
104210708
860144075
157257504
51607951
944658150
673450880
310751443
17624962
361389486
335190781
37490732
882076696
337705957
221281954
438053418
568181836
874317626
837015368
992950664
539110908
12600894
179280981
977157370
898492049
957709300
11065462
873822947
842314515
340678351
633909957
510953330
342959657
16725724
626771199
531519176
756499067
990159432
279251295
146778164
417450168
607190274
201672849
12023265
277457279
686744860
814820117
898083888
755223792
960023977
865015078
759314625
563811964
925637175
574594922
899647927
95277322
571769341
942740771
853607629
275943335
611563665
958437254
113335023
827030393
939794472
797183636
262844715
577851663
638195616
398952785
971854623
975181135
557688789
828194425
398929305
444043764
288356530
41042122
912669083
573782920
261865031
296399591
914140985
793863079
138255841
71972325
296783111
21044176
997815488
572841607
277347767
992447274
107204104
116843207
348331872
529809640
101204996
345635735
158658802
40990792
696344220
777673486
966270659
434962443
457324939
170208446
139697022
942400938
711076740
914107452
292941607
621786154
801812256
658478172
217207581
5669418
266939438
500846641
979345890
653961954
272746005
680999333
501024805
252198509
73470280
746804477
979463277
115389300
302165660
333241749
678900978
437598322
11574842
290862575
237561555
647043039
228070180
356083484
465077222
860133471
706951799
301576213
572071346
707932412
758388432
404663276
998164383
797946536
346719443
647960542
588364223
399493252
614293570
387198562
321838082
438143462
93238984
86241783
199068611
770328126
707604051
980375829
795971762
928339535
580611114
418400953
969792545
191244379
950933517
482743819
380092640
985294652
437551713
169934364
479647693
695426472
646506038
593734189
924222495
28587153
202098084
109097095
801853699
468665036
49779835
184213507
25618945
296838879
764606503
159170419
955248388
358728873
936554839
743079630
919257876
322963071
149215204
252462310
970845353
485552883
756676417
242300698
521516469
547707306
262717740
180353684
210934611
943829996
781309011
815395802
753130713
72640359
519362068
145356323
994484907
731578052
774944673
452542738
749233473
791444811
639926313
873629305
523666007
848105370
475793157
759086871
189258597
123937867
42951436
967220077
359483259
771634632
468610198
30030491
679019900
5668989
199921418
349738303
739650028
545038935
806969548
914338665
709295651
481829229
385082829
494768691
321367043
901227043
286508256
53134489
383815923
682956567
469070946
35376046
916226968
621828960
613785828
178256204
579092392
588748490
748849773
862177815
279309895
446097145
675562694
604084774
442785317
504474200
681275075
569332643
627320239
673652675
469178545
827043955
95740486
96132216
896049329
107253641
919695631
643887122
46580781
289318044
784308150
212307845
802850732
534482708
283837748
79885078
671586174
47975617
694138527
450990848
747339826
760959034
446800982
798719669
748312982
484363378
311739591
897171065
795977547
369941322
251892997
866145681
339891788
243307592
436644858
30739174
725861116
420104388
285361152
733787011
87987390
222678761
696061402
454577759
605739732
415813419
676734593
870719060
610538252
783154647
457183132
257882860
315426227
964898852
98652245
337619088
542098750
859465062
582747920
479848153
605426048
871304195
605686343
911215242
18248423
826932258
97027865
457444559
762338858
155193713
141056325
708755743
159195089
901073488
585453019
171956262
11343589
515411082
287005764
355128868
142283075
438502378
579911039
893114952
570725314
62722245
429909
716819916
212341637
54307019
521286613
943242049
190070656
134267828
107467489
681773489
227641217
36596799
789855021
32758149
549301328
138876747
244308572
237197368
266846940
20358442
271535418
988431146
344449158
236231107
527984380
625104151
155906520
937964973
710907969
688440545
27269309
789575626
825558997
926151322
493229900
340951443
875487874
946158922
246867737
288918285
82731540
951567192
750877031
429124219
988270324
274886670
124954655
822370005
150188438
400429641
704527600
-861123315
811694735
547684974
821532256
822414530
140921010
627748117
43475232
345162191
283907776
22763075
929764070
717859750
135735537
414252258
264217005
584479596
491662739
695961353
419878281
870625195
624520789
513910233
619546983
885888682
518617044
2007013
95047739
213364319
399446617
664061517
456233191
661911650
609156231
304542881
309890698
573733331
305573335
842339944
54089114
165020264
644660847
56010866
587399480
467570936
642648332
414116930
856478548
813058690
852865633
910341125
913022096
165461021
925462724
808851863
187111523
211439008
489483270
307686352
478345195
835075828
730348415
420774448
347116658
351705666
140150471
178203359
328924934
588732680
447065310
269353575
375493714
146504901
110036087
90474311
858317028
146456977
675505444
110172696
616993056
236365177
526704215
204700566
733231741
765553825
545360813
428392751
238226810
882885020
364644859
730687123
935570505
-456224444
43626971
733802294
268779608
718207143
677985866
149963800
249070478
298547500
557034203
290740741
162507372
624571371
372222116
702605139
383809050
91139657
801552895
321050850
791251158
41654939
168639527
968595579
636649119
435632167
873860089
401896443
185466732
484904917
74843650
170953291
908949533
111303959
963897470
349553275
996318055
403599176
804446920
210191695
226122595
977198800
122459311
340774660
672249790
367621758
849570618
152890333
965150381
494457485
287357820
453551259
827779569
-607830608
961624225
228022005
133628184
522193631
552870892
648033141
393839287
435572815
284034685
491378666
556900601
-299241883
277126247
214563710
371124339
183501947
920777923
865459059
967276716
918152074
234730473
793379868
244648070
303914082
244953098
-300763070
78092475
205452606
166452431
955713421
838178013
-476430326
717252079
30869583
5397453
901630994
677800571
391397831
-737170811
347809919
768154575
711431648
857366655
444842897
-131637971
117120925
230072652
288259657
457709907
813803784
-767890918
131375854
925569444
809952764
415835821
389190262
864371573
755655002
514174067
777563912
-76137023
640122779
530414500
31802211
724368967
82433492
827986156
342172676
935533960
447755041
398355067
445541308
362248729
888950170
125368027
986261338
209711488
441956829
195682827
178885737
25156802
-996697315
959858145
723102450
804360739
968211175
936939610
217022576
145223072
964681034
532844149
-266764687
254650607
724970577
829798819
262573966
525351472
742975215
546943285
555000097
587398496
63386179
514914681
368802746
545270553
713072318
373293632
749085025
671773632
46799242
285578252
615367688
780528853
65990327
512776769
-333959122
-42165085
472322617
834117952
757463200
504734773
960866928
109953202
433959080
509007416
878842403
217329391
439918981
462808719
-412393997
190637066
970695755
621659010
744896885
10044578
362668810
223554377
470316504
741015897
185912652
343296054
849761159
740186964
672726241
542383219
913671978
-896401124
284343301
416819771
777243768
348251156
511857255
13268117
222528853
-781100909
563373118
1789264
491224016
309790400
-70244416
22693213
-685591881
547080807
469484088
495171171
601556178
-79606484
645608856
292042560
751830469
-980824045
182078300
78584299
262278433
893156003
113954705
757881941
986161427
727771390
-888494329
847111395
349990933
488635649
908144159
-555178385
-928257582
369561980
-67833173
335847198
222110317
101596189
-417829330
-613185713
339367707
960729366
10578512
126934113
945731450
372274853
110909715
559136842
171832285
483345436
-90650965
241831474
326339345
566176569
772330398
34374823
892204284
916962199
21054961
950260513
269770690
240309832
637188418
558419022
883355819
-223317932
-904711848
-371707829
-594873626
495690942
-592258223
695253275
984364738
333568268
335630499
-544154238
921958042
501141126
548735626
38884428
-504762530
-134860785
234684910
439294792
885910122
975606686
189777233
-905979877
267486312
53914376
-78697685
178149025
116899578
-347881608
615967908
574801557
255997388
854809688
727408914
322256189
619989305
803103938
37257974
176820391
86255077
892827216
310557838
952737276
461753708
243487289
277200292
963731827
583609611
146614744
772990963
329387896
142217063
36165536
645001341
-125004974
284864949
856623699
397228355
367663215
828135162
351934636
31625588
180680060
320395150
19943084
536188728
450333977
340453377
316048917
-123261044
-267950674
-383714064
-832378064
-234100016
507438650
790650120
167491460
926558781
-691016088
443087547
-942622813
108743093
268230199
362510522
449953838
537993534
123694711
759319431
364714298
-162201885
756461061
532942532
487604520
-354734794
586694389
177869491
27026901
109407068
888937587
178610860
239182892
280510365
980316374
625077914
854379277
-40738890
501058876
963250130
-600880253
473918363
-410589837
644984092
153924494
-549518660
58081456
382639336
984011465
89060769
655477557
-499135103
924111725
435153582
613153337
-515128671
-141570031
303247669
667028346
975852964
332556867
220430831
-249152597
522860032
-840565297
417726840
71169836
846859201
412399282
411797799
-240850580
713297285
569894176
-406917258
847706979
140293730
601001124
-171306712
246912137
151428277
364832354
-446349432
103001793
-641132676
935289774
759043829
-861892555
-78349655
916513853
449911891
774143176
951196945
788936434
273494721
13970946
394895503
-353905191
43609586
-565704395
717394097
768938351
860881604
200382684
456225823
600617857
33940789
83426703
25401993
833987615
297360743
52533260
237357621
-266782956
-936773994
874605164
473561860
-233618327
859651539
647140792
857775049
900344299
40796018
909617472
-220092155
697996453
609112110
-919978623
-895626145
267353127
177676542
229222828
757326092
280599228
821420755
310381751
592619482
-95536322
-875309420
608433259
128528528
-348883211
24897578
110418629
672502258
531703576
993094139
923836343
-941456539
539875850
428588727
763318095
806675918
470442106
160744574
120485261
-574487277
-55517062
674022912
175983952
568956279
-294915294
-689960002
558117229
79683210
875992944
492484655
452456337
24861351
29202450
906116742
126997122
220591548
265465801
-525468300
-896209417
-526590899
425190924
407889580
61313924
906872044
-737873214
377744594
-832292472
565844630
605458697
670729858
622510015
472428678
-978338411
958116804
520389317
-149946101
13541463
-183267957
569284526
319467964
764663716
484321050
134660676
832783377
-433277014
455058445
416822911
178653607
655891611
-195956898
429412185
619591142
876724870
253170798
-951390215
339374370
175526710
-40209097
-2057006
273143998
-14126424
953258020
636727170
549970771
565841775
652215838
-970589778
325429578
347590608
360709508
453421118
208185074
-460167507
818946705
-641288838
-9516292
203065720
40529047
18914921
-914103377
745722215
352811400
-403803115
25327109
452053137
-788441439
344340805
587288503
355014840
443626970
947437944
832247440
410488648
672088987
52424451
323440528
192560757
633758410
340078364
900913593
945935501
86278036
958127972
817201027
393801159
73694464
724565761
72063672
948595849
76957937
207807845
851852904
-667669639
-377813213
314260598
438113039
75376762
261290957
754708724
110818413
388381997
376014153
309632890
-48673134
-397999637
286881190
69645260
860250735
913575336
6405453
923395940
20334719
565984740
-746775655
5862113
423919338
-717242521
-587475522
590654635
247901166
148354217
719064549
-200232867
-391477
304029705
398553524
259132895
679861841
764717795
-393833056
16647464
-218147776
-194622035
638209536
334556238
-147193476
882288839
171039804
-712434206
891637558
-389409491
-250233109
322108255
-214556267
-415162436
747334966
64902194
594170865
-723276265
232182411
708480977
852418226
48103850
-719228857
670107544
-812609301
456158646
306578669
994018766
981600965
-132574103
-568477732
-841267988
665394482
-419521218
-780391397
-618414159
139313451
-889579738
329559148
422781798
420473985
281467859
33349303
-325135688
-881099972
-9952087
-676682598
966223125
751596386
226468746
147970725
-234225219
-66039719
251344543
-697360011
851479206
33193601
264355995
-502075026
972419160
614651271
527053596
-575482170
130924637
55254692
663716147
530212523
-535164409
724812121
73008223
900460038
-15292566
-319476949
170659707
-33313532
121280456
-445480113
175396600
930849538
958455441
-863004294
219325850
676400056
805743441
69407953
553372880
530892367
325577330
526429906
967497149
257733860
227627702
999184255
-196469588
115366295
-546629644
199164819
869959393
318566955
791969277
859531523
-365224360
521936412
-160929547
555466632
636255757
768057788
535480974
-800888821
-669754244
330486501
733375541
-180398806
395221996
454076275
-98831405
883683111
-745059979
365726623
561496690
658698011
391307078
173646758
483275446
313833359
-367934324
64783762
591788432
-6863681
-33426828
908692991
787629376
176211204
886925290
768803732
-792219464
795438595
-741051571
-688174915
912977621
249514107
384247225
153045706
466930174
95893836
838963250
46079053
124316277
-954860396
820348203
893900143
913382243
297597247
658934381
5361820
794637490
-690133709
829306335
225875648
271232214
663304739
493752714
862062877
454728188
311221522
692784358
-600592853
533964201
-527017701
604432351
833450498
399283880
851264582
46143846
249809116
475087549
682765810
-178668469
504484398
442819633
-641488752
839540359
366264075
-514965765
340962775
731167551
-604442905
814040477
-146312900
383471569
174629852
732653077
34817047
770702217
650833894
285153285
-566853326
413442422
918773065
296462803
-702625536
799487160
368556421
927441821
-89193806
404719984
-874804610
-481149982
-383853612
489886021
334568470
614012483
738220100
897839701
149579149
-770003522
-608011025
192072758
546378876
758499276
-858849135
56201814
-529287756
677906463
-942613621
931859413
-233554075
766844072
418047914
316071573
391608914
-930670084
674915200
590993738
68452029
-764106427
511104926
784484620
-994491500
69073382
13558511
133063156
-152702463
-880944408
523275305
-185974848
91077526
378308237
36738631
930430075
385448416
-769960371
878680651
-873206029
-665440865
532497904
500169451
-107478223
864529828
63076716
186525599
616527570
744121577
473516090
694835783
197641119
322012868
727172895
-169697437
226243329
421607634
536178290
589507160
-550026993
661620164
407950578
-104288370
700539113
-560152785
-908134443
992475927
256113948
-982072094
181833704
547783462
-393639092
25323390
816670853
580784039
287094916
48191923
131078119
685307325
92655495
211080921
-727227913
-981822427
47692852
8439670
964567904
322108182
329737750
631591790
957595388
188832211
278857851
200882343
-415232961
-109109111
449952167
763311244
-839597195
230946548
739004968
88834962
850415680
-806179951
-398917477
231401496
67377144
119253823
440390094
-28638010
84206599
316026046
382237789
979584851
33961070
-202757570
902503341
340884266
-984589346
295109489
-236743658
783861045
292744271
973370843
-177362003
903119198
170798324
752097176
88550106
648079374
185021380
454726657
954823190
640750854
490848240
28781662
356694208
99894238
447107250
-135617521
340698805
615844716
-692171693
531264388
22913755
726833422
589531791
560646112
-517436867
830928186
-229787040
925081071
686973942
125427339
679938074
360054771
-793239331
202622617
915894559
463900112
96079254
980450782
106651859
109529439
992960932
945824559
340423737
853292414
59656556
-280797703
689295348
468833125
253938884
693783405
398834886
-715196366
187760624
521049200
75330766
855857925
607798035
471704066
958269453
709122311
903779794
830197740
90941405
682064077
125565753
579813874
770102294
528462810
93399252
598021036
120482154
-108150711
285625332
543871843
249819475
-344736075
918873617
941067658
998139557
-468892198
316590640
-730542997
686987639
334434665
366575849
-754741965
172883259
361491382
915634155
503268929
969482168
597066877
-18476607
873326477
396613166
763614892
-284841476
537855340
675957654
355487711
277178965
-525616853
-903960620
427825970
-581941958
529746429
220425987
-733410223
-159750499
-350067072
532378395
-347623605
96260232
-501798127
12794426
-957370791
-660065180
-381370196
621201981
152281922
433676458
-637580695
554688779
894350429
892264963
906691600
515041172
995540433
-602855543
-141925030
324042940
440782065
784044603
628984564
-896198289
774933233
64125315
911962724
-960210035
215896601
672025639
-205105965
844391365
971209356
19355424
-348686491
417361200
-215506441
-713080951
419811052
469579424
825892248
881496029
683546413
56166371
639538588
867296546
829974926
-893081256
902272294
83033989
205641505
428330187
134845064
484190425
844141626
227853872
197293723
-286553497
-670837116
970288221
949067898
905690342
163288621
427973094
-234992344
737478508
676352021
-732699428
553551715
976419011
811931046
243765334
795053787
240529411
567737033
-893360045
393929365
84557345
-126025513
140799926
560419917
-785886234
280978596
698002907
626189278
430604238
901543758
239908382
-389900036
652299264
982890636
-953146418
348093434
268275031
985291572
474030679
66750110
28528150
923833391
-980244522
927307060
-348420054
303656608
-272264560
-235951264
616051685
293813294
514416232
366341345
650645251
-375217256
627956259
170679164
694759170
622523127
-396585002
720449275
183221808
607225366
-428810033
634584133
760380736
-817321954
-621861244
-156769085
6464152
887003097
546946598
329079889
318034361
873884516
6415429
692035183
955767402
381682187
-941390494
124776306
541884886
-202173005
187972951
503371392
-847983842
985181105
189307798
819278049
324573847
-885788365
101012274
-203550135
568821251
-63887706
279068434
921323323
-172673287
855305235
921249425
689772716
922895436
788080392
-908379495
793002589
651271816
263397778
901337650
-667440342
168459129
853642969
15377281
803061237
741602311
609484533
-972770660
-88646651
17338220
303753551
473515557
773702037
218032391
903726586
650380133
466002180
201333367
642050453
474504082
-427587469
-341047976
912975177
284989940
149562835
-724322945
323856195
-404915043
242235739
344062856
-587472146
-886141054
581794947
546699119
958849125
-214679600
465405200
611259068
495208321
425833980
381212522
-842365798
827830712
-210231098
-613977972
-470438362
603642157
850300792
-167588971
546014000
106873257
-903525297
526408961
128689129
-728854690
-400932744
798527495
536612514
896852176
946534910
418631799
-526191324
540027583
477004140
31552990
225973463
850537487
44133476
937701161
-492241827
-320079197
89619912
-477327874
411684556
805611935
-272240443
142618485
-693751352
952161757
-314591350
494189524
-507384614
25009668
208899822
-233796997
210389805
-56356371
-121303418
-384177463
-920879194
277923477
-894413833
446406983
-783188383
272378168
-21251795
216272075
65772561
274952290
214866598
463057324
-596378594
422610437
792707524
-635795481
-501512195
192633717
-573273198
228017126
-60931085
809146705
780737613
342967299
-845508443
838843827
546305845
185743830
967305361
664009969
866120937
-96050858
399383522
-591439302
-938246648
450230434
967900995
872667110
987645358
743532967
332909742
-892144777
-348151959
286655047
669600526
613411898
209513443
-443476771
211538379
207539210
822524882
508364253
436415976
214794393
188712411
288994175
-373505529
905260595
758293191
735402982
901053945
-469780098
368688607
-744700956
991073177
549065263
270350916
78047078
298477123
790644762
-926016266
305088313
-263499927
603940453
341813716
-197737995
521509161
703189308
209313858
-281396383
158982825
-630616761
535478121
-942606404
150682169
732293916
-684341179
-547178965
189904011
415290638
-869699920
-703352504
-377783061
-700220599
-874405381
738315006
779025269
820587387
648522391
361826634
-47937030
97867960
120058879
25070364
974020700
-893130836
111172375
-486319867
843676966
223364172
335972065
847736682
434120571
-975436980
225643586
-117307214
-342508516
36491628
623114333
319053995
281491996
674796513
755490210
822307543
928581861
816893937
873090201
-710077272
-898027776
521694939
5036751
277185163
771699775
214293142
-8278477
223813003
127823963
-592203124
738008410
533460114
553682065
341044609
848500888
-744448223
168874640
947238366
-15390138
774892758
548643702
-963568833
-818661487
-417831971
-388798371
-153414301
775575282
488215332
957627354
273694821
59902976
-839236877
745358043
360304074
-56295905
928025011
415883635
-466460262
347508582
213914304
-919127502
517597823
902896593
315867493
-949894068
454559764
72669883
828300651
139124417
140084754
-435672954
-75620573
567482250
-10061443
863758616
243028585
582131459
482544145
426878848
987273483
127714936
95815441
-724599524
347240857
-364191538
840657481
605356049
331560739
-664315363
671399274
899282549
581334558
270525846
689552201
298860279
27483581
265126256
618866830
-197749009
132949794
737056643
804859357
-45687483
7216877
-935590385
860459561
-898894231
872289820
-350155077
-270778878
331010806
723411849
647814123
-638891929
907483227
-753177487
358089830
526372026
975981922
67442032
141453850
-815280021
796200169
567912152
-196912419
-739483965
39194100
-607583159
126771402
602777766
921531229
-449287766
466891684
487464248
584353377
145035668
-899958268
851923517
888296824
-668489336
553712580
-175121088
-59228782
355500734
796946862
902531902
-124292820
902236567
343268002
-354560480
361113795
802046782
190775954
131971968
974888006
53749870
-357783461
28335064
237495646
-232693239
-235059710
-644925596
910945926
274863685
-49069468
289281384
621259452
498911083
452456877
292254182
843952321
-34091126
407383855
272534528
52290707
861561790
-821736704
297132241
233004415
888750789
36297513
825666465
426100399
373932931
929741966
72734011
901171595
720285231
344449319
415169588
520112928
843913520
-657190241
681008086
831042240
509293564
260847093
-855440966
-914204214
973573054
289715204
142418756
658567081
740384190
512521967
64667485
978323583
715762243
-692119019
543711463
-875258697
444496304
-396656209
143866792
50002034
-179502474
548891536
-395135638
234388115
792495175
226305113
601280742
122318980
568455010
-205572817
452246842
493071651
-266144095
-366977957
366088084
983812183
596561764
598474798
-907312137
504057230
293122320
617973750
470042105
34833054
-730536974
152086547
615284589
445808209
630527339
821070596
849692748
-723723395
505341741
-511037892
954627965
819489728
248617080
112701736
428559013
937022081
-173973945
205600520
718586393
183931071
720717088
-476523656
468301477
-295756065
769831937
17970751
732764042
-76178880
265053862
917504260
935670615
888593428
206508963
283475615
323185374
-839360670
737532390
643194329
106139331
-506759212
83944407
384239261
595308673
123682586
-446158578
-463645282
-821406021
200617304
108017210
610724006
96539507
-573859360
-359824552
258305788
-795194738
757951576
-232663007
100423416
-638792421
275928758
70171807
278874429
-918725781
37921988
-605388585
290900585
556516670
121880706
484814948
198055228
-555792628
330022382
-536073513
-427208868
693057919
-927158470
-489711619
656094344
10914995
532773206
363543040
455190559
31194698
-517517932
208636578
263826563
766220509
-851191699
728531357
-623765022
857875693
442498533
-660061581
696203920
-151441253
-909734880
-664228734
181625964
971802951
798447958
733447096
-232364572
525045550
-216451046
-758980382
589137178
64199507
268760759
558907180
33616436
317842830
959283302
743398357
716639322
861528608
611893132
763587578
63828559
221714416
492005200
-495591060
405810230
167984174
955871664
-981879455
871781757
806984100
886090259
837529642
-653065572
986512679
974431551
-878907297
-750108962
680153601
19820895
536627963
881076531
-880942956
302063513
349573668
686944045
-2505660
-138407727
-483857791
45092771
-234734610
710041778
-81830220
-784066937
782141786
597188772
131089398
-737040500
676985917
400144094
-992475506
619951031
943491369
657029834
-877824959
54674741
470313641
437737885
-335651636
-616864740
-198922535
108211166
528969385
889077277
-331226296
