551 376
456 469
379 513
336 548
87 520
36 76
58 147
166 344
360 533
32 490
449 465
400 469
207 537
472 521
151 510
147 408
146 256
202 533
54 305
394 511
6 415
69 447
297 470
221 423
170 550
180 534
158 250
119 344
194 327
281 321
55 265
196 521
280 501
115 200
402 517
33 402
75 362
82 145
206 490
273 512
44 324
467 521
28 127
57 268
57 80
201 451
87 208
11 214
56 429
7 311
187 504
340 536
354 477
3 399
290 482
70 468
252 263
112 445
234 527
63 522
92 210
347 352
178 449
331 352
106 210
196 499
35 529
312 520
370 437
172 224
400 542
450 538
247 415
105 121
269 442
52 96
202 278
227 435
127 255
163 455
503 519
292 441
32 148
160 277
9 324
235 436
19 68
165 373
509 535
68 414
289 341
251 520
394 491
49 105
40 395
301 466
7 187
89 158
22 155
317 503
62 201
207 448
21 342
40 166
235 328
402 535
20 142
324 526
21 123
238 361
181 257
164 205
143 335
305 432
210 328
238 288
103 386
109 332
247 470
163 420
11 348
269 354
112 195
390 416
258 430
366 526
390 476
95 286
49 403
291 414
121 124
105 550
22 452
31 204
245 510
422 444
38 95
231 254
167 269
214 273
172 371
236 521
30 257
87 267
118 131
252 359
300 309
158 480
179 319
64 125
103 208
103 367
287 399
139 200
110 279
414 511
417 475
161 261
255 431
122 315
253 420
132 511
122 389
423 454
363 454
165 179
379 401
73 185
121 316
25 146
81 459
80 181
39 138
132 274
299 473
458 465
393 458
252 264
15 359
123 238
186 219
214 324
129 357
2 253
253 343
148 462
156 534
148 441
407 412
335 480
101 549
109 268
1 69
325 358
31 424
253 541
149 283
54 530
283 359
116 199
220 544
49 259
293 550
11 73
39 338
117 175
359 524
4 356
348 379
53 285
359 414
139 434
45 280
213 368
388 410
127 299
158 488
15 522
157 269
4 546
330 351
110 120
175 309
87 126
96 498
109 344
337 344
213 419
158 174
18 255
308 408
382 551
368 524
66 331
68 155
153 168
37 391
425 532
161 222
145 230
392 481
124 494
225 423
209 228
105 459
86 337
130 523
14 340
96 408
11 253
246 255
123 408
295 406
135 483
96 188
303 545
388 528
79 305
36 486
243 460
123 336
17 216
57 162
70 275
177 543
127 334
272 364
300 370
70 352
23 347
114 456
26 137
48 402
319 440
173 182
263 525
94 325
349 497
53 151
25 363
349 388
190 441
413 497
70 466
359 490
167 237
93 402
51 83
472 495
436 534
118 398
32 503
17 472
331 505
74 101
89 227
207 218
329 358
378 513
130 325
24 104
298 496
518 520
271 296
304 497
252 443
105 447
205 310
295 550
253 392
430 492
266 525
150 243
113 418
444 472
64 306
122 270
122 169
409 518
125 252
20 97
289 324
46 122
208 352
242 407
226 502
385 480
66 107
205 448
59 503
318 408
49 475
116 427
72 297
253 531
207 241
121 344
99 264
126 508
32 449
353 535
61 412
381 433
60 215
2 504
498 536
42 547
454 515
105 287
135 350
242 463
505 539
141 276
120 262
43 382
105 387
241 484
333 493
321 550
208 524
186 423
164 211
208 248
467 487
389 461
364 457
254 448
21 345
77 186
313 385
299 449
264 314
217 377
253 516
121 490
159 319
31 326
12 449
184 268
179 322
39 475
233 248
133 470
89 249
336 540
112 284
339 438
299 485
192 485
203 291
44 309
356 470
42 421
239 248
287 355
126 193
41 232
27 112
284 490
213 240
200 368
65 489
214 451
37 352
36 89
25 280
387 411
387 527
144 256
25 397
32 320
191 317
214 411
247 387
288 507
533 545
68 152
8 27
358 377
132 171
255 362
98 227
196 374
101 413
32 89
83 357
418 491
88 172
154 490
199 223
287 479
291 502
302 327
365 534
212 326
90 262
142 423
148 404
384 525
350 396
244 302
103 496
469 500
275 428
293 357
406 464
131 203
41 262
5 241
220 294
252 534
84 502
121 363
80 446
450 529
91 477
178 425
333 527
474 527
203 547
9 141
478 547
36 294
216 351
67 423
214 278
243 320
46 109
252 430
87 160
128 154
183 248
271 288
190 224
264 329
148 551
284 439
242 414
282 450
116 214
60 448
32 350
100 234
225 369
137 416
178 265
277 323
190 364
318 471
85 87
13 385
88 228
260 405
108 304
16 208
380 396
221 346
78 414
53 81
250 260
136 278
34 399
307 464
375 506
47 51
102 224
269 472
207 408
96 153
383 517
179 363
198 207
111 466
147 359
50 396
182 286
161 497
302 500
252 535
44 514
82 382
119 229
176 510
31 382
352 376
165 189
71 169
390 456
10 318
11 197
110 121
465 472
44 416
347 453
339 344
134 518
29 134
304 490
466 489
293 381
108 429
10 375
198 426
24 322
95 472
54 147
109 543
352 482
118 450
140 436
202 372
