2322
8336782 9837578 5780766
8194369 4757096 1057366
4735762 9626853 1727372
6913158 3662320 5181734
3040108 1993557 4048005
2707675 8714118 9757315
7349773 2008551 2570945
2948632 7457065 8361233
4766640 5798355 3077661
9967021 3615392 3415808
3051141 5779804 1946147
2206903 6877434 9931855
296638 5527612 9148498
5886452 9310458 8501460
8767959 293799 7071959
2487285 9782307 4159905
6237065 9672624 6731370
4954950 729384 3659244
6785521 8719107 6017183
8767532 3573384 2144906
5401781 8026922 52658
3948439 5350484 3465236
8562460 5731341 950473
3090370 5703903 8589652
8907875 4351422 6849420
4242362 5647644 5099216
471183 6878780 5129411
2652185 8343401 8219033
1558815 5383067 8349494
4259408 4322093 1677604
858689 691341 1363566
5394027 1624481 3214665
4193421 2712258 6068763
7031640 3081585 6937233
5869447 7667401 1692306
4454050 56228 205347
733565 613142 7083065
7164397 5315321 8706897
6888808 5447075 7901590
1037182 8711602 7169871
8154043 101337 4627214
6174065 3093634 4637759
3770489 944252 1459001
2058290 8367570 9928165
9544316 9247561 6419044
1754304 1166649 7606973
7053518 5263012 8086546
1791393 1891756 7866303
1809785 1771140 8626972
3202079 4574614 434564
9494168 1291245 7677540
3813774 7207492 4035461
9267441 5517585 7825223
2419259 9059170 9859187
152464 4618536 8934209
7492506 3150560 9893057
6544049 339885 4997618
2706693 8746735 4820169
5318858 2609410 6515118
1845536 7206660 9913625
3308578 5547409 4050335
5869633 9384478 6662551
4352255 5784286 5335513
7993792 2435558 3443196
8081986 7888402 1802583
7504653 5513617 997846
8743756 2698548 3212342
8117155 6188174 8277830
8969908 532101 9435548
8526650 9858117 937636
5779776 6910 5341763
7058268 2613337 2698975
6898927 8126648 7581613
6039210 852371 1112787
2757353 140330 350531
538420 7545404 553996
7795715 7691518 7511871
8207572 5710111 7804690
1676200 8839827 100771
5883508 2981825 1454822
251001 3437543 6319750
3463029 1023011 864308
5040892 6053073 1745437
1817128 5785394 1180466
6881236 639146 7606423
6891971 8329187 5933504
3393432 3462454 4905034
5603513 4010278 5341384
1870695 5163435 3698358
8220477 6518313 9916927
6005185 3875623 838502
8498445 161911 5086869
6641303 9775741 8895859
946900 5633276 5148465
3828203 8244643 9858285
6610385 9327868 7566293
4377229 753096 6125643
6587632 6825799 4281106
2373115 8916055 2496891
9885284 8074475 537448
9365870 5652871 7874355
5369404 8328497 8642466
8704208 7747966 7099089
1934964 1251524 231607
5314156 612051 3814364
5950435 4140540 8160633
3653880 5051417 7528985
3978265 9945157 2778186
9052888 1484197 3058347
5959167 6049453 8207108
625078 9860887 5808331
7426736 5016654 6799143
4706733 4311746 3668140
4915789 8846890 839647
5771514 8270941 7206307
4045282 3508684 2198525
1473358 6537291 5536562
3339030 7373917 8854036
9482198 3042539 2921834
2850151 2710250 1134953
6117333 2491824 6877587
1756265 5634150 8746127
269287 5836047 688664
1877847 3062192 4142548
9600679 3933769 9826799
8754084 5159436 8071081
4982886 2039820 5854175
6832107 7485910 6187937
8951929 324416 899137
2542532 3933344 2776791
5294112 334590 4032997
7273941 4167662 1572403
8898974 7529358 3382299
1337748 2889254 9209714
1620854 6829013 7902151
65291 5685306 1806070
9099262 5579333 7756186
23355 9713663 634309
7013417 1463039 3133136
9475693 2186278 1261572
6712009 387279 1284028
6623335 7848729 450672
8393634 7507003 6110505
3982199 9662953 7252064
908778 6902192 6777317
2237139 9579714 2362275
5984287 8632586 6604365
7740682 7393793 5906280
3443473 9499504 9021703
8700323 4214894 3750127
1737459 5110500 7203179
1068658 7401536 7759872
278377 4927991 8852246
6592809 3564526 258013
5819322 7315203 475959
4485366 7501347 6658006
4790561 1975718 6780064
8669879 3369949 5286890
1867534 8844303 1863692
6219733 7927776 2718398
4979110 3201094 8421040
9433933 9726790 6758910
9819200 6546820 6054992
6619203 823398 8185737
2631699 5741304 4619762
6572600 847910 481532
9247844 9112196 146707
4658614 7833639 8864719
1060435 7341521 8385316
9560150 55631 2443470
859767 5070718 7821580
7090614 387558 3128611
6485771 3861896 5179747
6346262 9127677 8459262
6619966 529460 3551491
8809843 6675709 7669426
5032600 4981076 9848306
7243816 4063808 9360409
9999145 2638505 3617219
8560746 6322851 1870550
5295097 9097552 4848145
8524048 4360957 3768836
3004380 9270398 5733319
6870157 4919643 8276137
8366788 3577938 7827625
4803459 8042661 5128568
498524 6237151 2014228
2534890 87815 6575711
8963200 503970 7960771
3909101 1647019 8377424
9322476 7643557 4564126
8832134 9775043 6308096
9446297 4045113 9117901
6842028 6245294 4375307
4680858 2794767 3794430
1896639 8357072 8745367
7119619 962147 7297559
1826756 3014589 8058967
4056973 4287581 9458012
4454067 770940 9631518
8235443 7284157 1541631
8613791 4748344 6633885
8032117 4967618 7352891
3974649 4571718 7176903
6877160 6515687 6297799
5614115 3571211 5091508
7385772 1782824 9288787
7165989 1237878 3470197
2635274 164236 5228338
266021 5308424 2032587
6708098 9061677 5975617
9775618 6566049 9183577
8968987 4020055 2838755
4195663 4663022 2097153
1596423 5250560 2047884
8255651 3923816 1938474
5050158 6414290 9526012
5271256 1148222 8952239
4945578 7055987 220260
264991 8397792 7475855
7831362 7332799 5267430
9975728 3729149 5142543
9262256 6674378 9493125
4901978 399904 6512293
1349018 8661166 1390321
2147918 9572686 9926546
9810148 5643128 5226182
6447088 6841822 368627
9074851 1295021 7926629
2132084 7589286 4654760
9386874 5420417 6408805
9435893 3434986 3744122
3689626 2381333 1436696
850933 7293180 154502
4597063 3457114 2961527
1102545 1929391 8075515
6346323 2745433 5344539
3530356 7982845 1477437
9558981 6611016 1179407
911644 1148896 5577704
3012535 7634936 955921
7528526 2461982 9993208
2803404 4378376 7488033
5904506 6725207 3863444
7854937 3012438 1607832
6657851 5984832 6812416
2613226 2807692 7758896
1519644 6342807 3097312
2647712 8465359 7171496
4526713 4257206 9150951
2029446 1757043 864386
4867988 8662584 1213654
4099068 5684781 478419
7151018 633527 1717503
5980689 7336777 546583
3429622 2744501 4587649
2717898 1156243 3901681
9830497 5497357 2392685
1463000 3723409 1381994
7950340 987515 3648414
3396839 9231330 8114742
4138083 8855115 9141712
4601785 9983578 9468274
7716095 983950 5738879
3510063 8735643 4067550
561505 6695368 539584
8140029 9276555 1869485
542889 3270507 5197944
4080410 3596374 6922944
5204823 8222097 4673572
3041318 5235656 2095770
7498985 9258633 2453183
425039 5708194 5548656
3254847 8294128 4948438
587399 5198414 4276592
2478049 5788886 8837839
3818626 3601708 262731
8036843 2046953 1917448
3554958 3730366 3749735
8798785 7188869 2684707
5538006 6912799 6570057
8761863 8377686 9944471
7038109 1131861 2848770
4727449 9621271 563042
9134229 7823734 4087348
8502064 5981977 5624288
8386988 3532647 9837734
1643484 2854871 9874979
8474643 1516984 9542007
4366538 863607 9224148
9957261 9368929 5292995
4063843 9421692 6847582
3824089 6969748 1683498
2442377 6999278 2942593
6135866 2277096 5641196
4177219 4656486 2350966
9734335 5235669 8620918
3792086 3162924 7619683
5060440 8513009 5858038
5418026 4441862 7891292
7353415 9569721 9104788
5774942 4029473 8694920
1467895 3184952 5720617
3027338 3255325 5193041
4699617 8477530 3634444
1181080 9942786 3960732
8006509 6466600 6475249
8188478 8063964 5244262
9049609 6090338 7137583
1062586 6985103 4252460
8820907 6527215 7675201
8120466 8054626 6602732
3400033 4997746 4112156
5689376 9304281 1051923
7521171 4714559 557803
8914893 1373631 4827910
6233763 9070379 6580841
7831237 9063125 7778732
3282305 2367638 2539727
1365838 2747654 5399011
7325787 6446405 3029943
7191505 8409830 1877782
3451993 5489597 7954423
9994598 1877045 2865770
6922991 8912158 308183
1834472 1794056 6919682
7227182 7055064 1682948
2879032 7829281 6218654
557260 9539706 2857887
1132511 9865268 5600640
8345420 6749596 8988236
9383290 1228364 4677629
3889692 5369159 7397456
1846137 4073876 9008479
6489162 4656601 1930432
9912867 684629 6646038
8581494 4831153 2479717
6613455 8813049 7388117
538162 6610496 4742844
2347921 4507059 6691220
4428984 3584515 2998591
6984912 1850954 7429720
8760675 1595792 1522047
473939 4932898 255349
6391956 3445980 8649379
2274293 424947 9181674
5761880 1654994 5100556
6058353 493273 3387918
885431 3038233 7505369
2377895 4223349 8324264
3906757 4167703 3221445
7946591 6272923 9098135
8696240 1773194 9431437
1005237 2979930 5937883
4148352 3712723 4689601
6689881 3323677 3328297
7814454 8902444 3662656
3827999 7638931 2434372
1517954 5317082 6905166
8738827 5701071 9641447
6267722 6485647 833378
488061 8675271 1010855
8267443 6564942 408984
2716290 4261449 8647673
1778751 5166203 6117483
9723092 6127830 4162018
1096857 4294354 2371028
8727926 4639459 4223230
3538904 2768572 7655427
1365303 7741619 7795180
4570578 5401053 8716454
4550296 4474916 1649260
5431601 339834 7473162
7459381 4542327 9809796
4536743 1533808 7906949
9778762 5015891 2954429
6558600 2112523 8339906
4466352 7196214 1929769
8527119 2122638 85813
294518 3289617 6177028
3417129 1490914 4314460
7097314 7365401 3360533
450064 6449277 960868
9016799 5071338 5208661
6965431 5556864 5674442
1704078 2519885 8207327
2321995 3211170 2053980
8070473 4007916 5137928
4433458 6279718 2333024
9862681 1255871 7045450
1085374 3913859 2670548
1138708 7003212 5224328
5305184 5270980 638692
4814965 6888130 2937452
9622885 9661382 6323797
5175761 1989405 6647252
6825505 1323337 4866661
5172779 4631121 5768448
6076791 7705364 7548210
3905756 3447604 6005982
9945250 7513343 2356904
9963122 5314555 3940011
1997050 8111577 1866428
6092154 2258576 2430681
9389113 4058367 9770421
6247007 4289281 5095131
1537313 5547222 9657520
9669794 2122438 8610332
3443074 9536234 3899078
2612753 6972762 4597988
3410713 7469576 8259311
5287781 3500794 9530781
395382 9506191 2766111
4107903 6545665 370089
4551319 5969275 1389666
2757259 2688350 6428091
4640836 6720613 368788
8281034 7701227 4599040
9691168 2626067 4505908
736545 1607624 9363640
9848026 3836742 3611140
7641931 8173127 9148857
8529199 6461951 9479375
121734 4221865 203721
4147112 1358724 5308852
3071395 4441918 713329
7308513 8162097 3650157
5490077 9073050 3824875
2215631 6669220 7713421
5552263 1428571 3839835
4764416 9202681 7698454
1091741 9415365 5256345
9909703 5294958 4219801
7269099 8647732 587563
1155712 2474050 7803843
3608695 5280119 5853998
8024962 3679991 4908836
1241206 9624239 5593226
6229043 714862 5161782
8638168 2965679 5298280
7625353 5953960 2075560
9872396 2731837 9292912
6370817 1273987 112501
9664412 1578192 7806812
1516787 837790 9443825
8906244 9466654 4845250
3559511 1121443 4342640
5365132 7500583 9328522
3101519 9418073 2917753
9257913 3681702 5831191
7796371 9974294 8886795
418424 9317528 443095
6981279 184005 2970759
2997353 784127 716785
1039774 4291684 2154105
2175462 9610326 4605954
8512169 9373183 2133190
3241854 8525469 754676
7930151 50753 3559282
3011543 8895554 4487163
7526809 6199419 40383
7173323 5515034 8205060
9479096 9920058 3397920
5795655 6619802 4223463
9453558 3876772 9510362
8393484 3733405 5434689
9036023 8143846 3614743
6250352 31434 5670176
3897949 8650207 2279821
9794352 384909 3732800
708811 4941466 4246205
9331507 19983 4630069
2692730 6124197 6515637
9677839 6770 6553063
2101240 9012394 9694403
6368616 9263035 4668716
2234253 6769539 8211066
3087911 9243973 7860376
113954 6044979 4953841
1644919 7650138 4459058
8738692 1440101 4420547
3625403 4039210 9404548
9418283 8154199 8726902
7592013 4817136 3907232
1526538 9710786 6281473
6623790 3237555 6086475
2538238 5049418 5714627
3214642 4146968 4607558
7360025 1727156 2221776
1002314 606573 4864534
5074146 4825636 8637451
5279683 6644055 667727
2390897 2405952 8645044
8709362 1405800 6051719
2313571 7914802 6523159
414487 7684789 46565
3061853 9607210 9604707
8208042 9807156 6802617
4214110 3351551 6420725
729548 4298564 5111252
3744567 3764207 8019001
9052309 7468103 5090462
1276710 4056123 8329825
3742927 3961466 558699
8910253 1802072 6031176
7457532 5619158 8699090
8519052 8399705 3584346
5905669 1047300 1546717
7206329 8431202 4491785
2041939 7458923 4030327
4894189 8177306 2749344
2684877 313957 6227734
9958983 8314630 9161262
8983374 7910807 3589571
9762201 7152102 4192159
6267728 5701572 7087320
6254451 4469708 5085172
2266075 4701799 2956579
8319629 6338588 831939
4160375 6996031 9423981
6793692 4664835 8625693
8994443 3177571 9817709
3811391 9544723 1633370
1493804 2934052 2848558
3148314 172593 7241484
9989779 5703966 352102
6754502 2779021 9890280
9565426 2990710 2469347
4377895 721368 5756994
9622720 9675715 6788402
3542388 6994468 3339530
9179079 6997603 847229
1514834 3814258 2641919
7642799 8157399 3126364
8175181 6865045 5899882
7061898 5464104 1073857
2298558 6560802 522929
9826673 8634443 8416082
757466 9031976 4404870
4046544 8038927 9483439
3347887 4077592 8145315
5896990 4177471 8631883
1093291 7911080 8453535
9103342 3489247 5578631
4008017 1640164 3355124
5825142 3176074 7600109
9484892 9737104 5069271
7223546 2738794 3595360
2003956 6155584 9813355
8282666 8827845 4232157
6643851 769341 3249053
1573931 5278358 3004642
4948929 7477745 3727116
2770010 9809679 6119528
9297995 1001383 7939879
9823982 9621120 1073831
7774885 7879520 3078141
7507435 7269589 8721344
1680716 2743104 8131052
8360332 5094638 7186151
1714353 5113392 4299619
7848507 2007439 1356588
1129439 5358324 2442767
4143026 273777 837857
6219694 8163905 748539
8630009 4771107 300367
1841083 3418686 5423890
4679893 7110564 8029297
7658950 5898652 6714803
192631 3383522 8726819
5409742 9024417 6091135
6031954 2341669 8014121
5691708 8996562 285618
454761 4787873 7043374
6250741 6736817 9846841
963578 6087233 4808091
5600157 9877894 3941112
3607539 6014683 1684491
1292354 8852099 6845579
9063887 5183451 4115040
9593941 5731149 411375
6294318 8399534 2736358
3298424 8902669 2375705
7481461 9063105 3987562
8837394 6215291 8458106
6980434 420835 74118
1271729 1726075 9148760
7253408 7660408 5038679
8049436 3122127 8474264
3162728 6970183 1730852
5690967 5644234 6719267
5577691 7173282 2164408
1059965 5544466 1496345
6783112 8489305 504991
3105946 7602986 7214955
6551180 28286 3690680
2519163 5687238 5758577
4606747 3953340 9587742
1077956 1287158 1904634
1097282 6233447 3300428
2552504 9484705 9249256
1056982 2829553 1954489
8634945 9220576 200545
9401376 6298074 7423535
6412541 4597798 6229633
5674786 3944623 8836442
8733825 7029208 1020077
5140341 9150010 3123725
8356638 5249247 5451760
7618119 895716 3692195
8914224 1134779 3941911
9968597 5453132 6888483
3135447 4285592 2167222
9491768 3836826 2714143
3753526 2606591 5442945
9762787 4267276 1640680
4061950 4178949 4916875
949955 6101567 4354782
9716917 416061 7630623
191239 5684498 896777
1643991 6813006 4743159
2041614 1501873 3338419
9508225 2912444 4697080
2843722 6726568 9756863
1283880 5181929 2943372
138778 2025496 8378033
904495 3656840 4686441
2397112 7776165 2350772
3414787 1605026 2714679
3133070 5252259 7059522
2146367 3933154 8338754
1264629 8293501 5906314
8012423 726155 9489343
6185398 1038991 2362934
8924340 2215091 7546304
6498180 1655935 7664070
4600745 7930974 9760604
678558 1867343 685384
3703695 8315661 6475706
9293327 1310369 7238459
1320687 5507445 7141321
1637849 2796123 4494221
6749611 7070557 5462678
5847705 2076020 6423440
7089943 2577414 5202521
4941580 2862620 7671700
9425512 3130162 1351292
8840025 1522586 9267322
7143823 739599 2460140
3608721 9172529 5915247
1967263 4574772 402619
9180084 9700701 9316933
7362272 2708144 6676637
2444506 4932834 2267509
1349809 1825206 3716192
2472045 894210 7683807
4549158 4060440 9138767
7143537 2281573 746076
8960391 8786773 8180337
7579081 5019664 4518635
9370049 7366224 3978948
2414334 5766859 6241118
1701264 1211645 5719937
1195295 7788922 2462679
9495838 7626044 1273331
1314809 1157113 8074269
343955 8156683 4313394
4486680 3818597 1023508
7637290 5025082 708742
8231622 1020593 9750313
9946074 7077951 7397506
7049146 4978280 4076270
3105870 3446511 1287858
5770434 5888343 5408312
834360 9860474 3315709
6491204 8572703 4627257
1779205 4994391 8381727
1054369 2948115 5604452
8394753 6220410 5515016
8348097 8887301 6857458
3082827 5689011 7308876
6193764 6953724 5463517
7771586 8631227 1946765
7242323 3126833 5549003
6855481 413540 5234518
9625974 2192760 8645282
7558362 4518705 5225037
9513631 8040164 2921907
8919921 1706815 3089449
7104119 9751825 5361696
6293834 8993010 7771290
6323576 5737635 323982
1715414 667139 7942556
7345505 5662650 8237012
1980409 6460007 9829293
5951426 1696124 7158022
374516 5563603 4755254
7313555 1937928 6365483
3327877 6660188 5921405
6467245 9473074 6997766
9772200 7754294 3304823
940433 4560449 8837069
8619127 5918690 1630495
5795722 9595257 1390084
4732568 9886816 928338
5402536 7740070 6485346
6792405 9191260 5450759
9598561 4879007 4606116
3124275 4178240 7244254
7899919 5105523 1746002
6905460 8728788 6232666
761334 8907656 4729773
1984031 9593621 9013468
3043030 6595342 5532836
1265770 5048254 5075785
6297488 2006968 2194964
6501401 6061193 3747626
5715257 5724419 7488287
4606381 7121615 6285676
5663356 5574237 1047618
4663816 7907349 5185300
5560849 1539829 9726217
565455 9822350 8938895
515792 8954409 8380057
7192204 5192853 9280853
5431950 4423495 4478215
5278528 1129706 8018380
6537264 343087 6817198
4772821 1304161 2388373
7128765 6178634 8551162
4824574 1732101 7559234
8044998 7995182 4273233
720927 6395737 9705277
8566185 5463893 8678175
966437 7258385 1343831
3159542 436049 3444286
4801002 5734828 3915796
5066803 7469562 6433242
683932 632051 8224631
454759 1119649 8455426
2783083 9581750 9768913
9641760 6061342 759611
7893941 3288776 243813
6096726 8434881 6830979
1418151 7761748 5793880
6440719 6761578 6804038
3112814 9230060 9402270
7048892 5005002 9710024
4409823 4318425 6553368
2168368 7273851 6101009
6153666 10173 7624971
7819332 1065167 90262
7194650 4986577 8500220
6618284 9974128 4452283
9920475 3462822 9697620
2997081 2256328 6337592
7724642 9121335 2470185
7956226 3752340 9980110
2835224 8440086 6153723
1834705 5940083 9671396
7772535 8143424 7258999
6988355 3727541 2746278
778860 3747665 6821905
110690 1999359 2069337
4978692 1214401 19250
842139 5545681 9675699
5160714 7355945 7301327
7009642 488677 7137157
5693821 6214355 5932082
3107352 1782161 2543024
6298571 5566777 7459966
2841282 7805438 977607
7337555 5983363 5643878
7758246 1213172 6152912
3884732 1319005 8258341
601456 66081 3724751
8180933 3522739 5230161
5195174 5269015 7781916
5677844 5013167 5452320
1169914 6077960 903066
189241 7455073 9712290
1397761 4552940 189024
2093021 1123865 5744894
6820007 2910673 8241066
3580634 4940943 1841438
9230338 1732673 4668561
949000 7101297 1514982
6336723 3704614 1346984
4754850 2278393 756491
2959729 9505341 605025
276914 2218071 4259515
2022457 5010755 1331798
6060041 7495350 7155791
5350254 7953059 8434088
5880006 925627 7303697
7607153 4451712 3792812
2007440 1345114 9331962
4812341 7341126 3540971
4873269 8729924 9256187
5941413 1916962 9389809
8111808 1708026 6207497
9271866 8615203 8368434
3533011 2142541 5783592
3599535 4454456 5710557
9066733 1257463 1461359
4268276 3355293 8551524
2951996 326068 2191939
9413044 3269780 4406229
1966774 3591342 7490452
5906838 5848255 3025218
5913328 8813146 6240469
2943577 4428716 1743481
6084600 5309292 795503
8775405 7180411 524233
580083 2296471 519552
9189452 8782356 5812089
7346844 2040794 2018595
7587917 9483629 1105934
2015902 7855002 4132593
394510 3170544 4140666
4746398 8027464 2284983
6642122 8716240 4163167
6881783 9166372 4332021
8013220 9391580 5073548
1454612 9516861 7678421
124411 9210927 9698515
5114760 9188059 1251895
1341602 7622768 7221157
2471975 2513673 5300743
3968455 2507399 7867866
2459610 2369828 593465
653631 7056275 7071644
9132167 491594 4032640
1050621 2423724 1555384
7403285 8063456 3401268
6188246 2264099 5016023
2318225 672403 7385633
2187909 6289695 1039867
3133624 1049072 2633807
4472272 597157 4776802
7426994 1049689 4046259
2044086 8429738 640024
8301916 317715 9558644
9059596 8484930 8617482
1750579 3372625 3716923
6401189 626605 7292284
2769574 8663613 7077613
2481335 3477295 6522990
1016215 8416859 943014
7856838 67654 6595307
1870941 6450630 3104583
1588406 6375822 376159
5746669 1563106 5964034
310735 5298857 3589559
6488141 3367426 1889885
8437966 6400223 1371115
969730 9495305 6540768
304229 7790533 5357530
6085894 2861253 118927
9349499 261398 7358198
7032311 1510867 2228316
1820248 1360131 3058722
8594701 2112091 5561719
572656 9466611 2710382
8327510 9934833 130317
1003177 4641535 2575468
7846767 388968 3527225
7988734 9428970 9111928
2395068 31442 1049386
5259794 8091283 75298
6837193 1438725 3090747
5376445 8426096 8159072
6956045 7907854 8043845
9708120 8587134 4219323
7413689 2845605 263082
7331614 2448091 7625968
5686757 3842119 2990790
863747 6605798 2510727
3622094 8979562 2768904
9226878 1522282 913565
7404852 4812937 97224
1155870 4989116 7566213
8504987 7244157 7130238
6825537 3973197 7658404
4888532 1830611 4469858
1912732 4790802 193286
9447107 7451779 6806876
7772735 5178263 4465978
4099046 8181066 9163368
1998773 503307 1455526
3967362 1206326 3887169
8254995 1985277 6337696
501205 5439677 986206
6206175 9993755 1070362
6694496 5006288 7854707
361242 7532247 6013953
7022885 3103405 5985989
6987829 1483307 5753106
2169029 9163828 8387087
2581686 8097023 8485925
4083262 693460 4959722
2322946 5381564 2596481
2527605 9961677 7658591
3477182 36562 9413937
686534 2133983 1430865
2689504 9969050 4244000
7753853 7393177 8778497
9821709 8223557 4124747
7331949 2374237 5678088
5031447 9462871 5402287
1092868 4918523 8933344
3440357 2432077 2760185
7727811 743557 180867
2579298 2041421 93104
654047 7985181 2890244
7200928 2507615 1986219
1434397 4678490 8287127
7475472 6318639 8548883
8764803 68362 2490459
7887794 761979 8306850
4438796 6085444 7104740
9756638 1403583 284124
6616040 9645863 686602
1355826 7775385 7770450
4129731 3604816 1040045
6992591 8920190 4841333
340701 1891269 6647942
5873120 4764550 9007045
4580042 3441945 4048991
1281888 9234906 1540072
8960105 3113068 9953800
3280700 5010566 5183989
2809720 683043 8810584
2645062 2019831 188356
9084548 5030404 7215240
9707303 2313467 440105
6159308 438500 2458265
1519589 9397214 1606599
4220703 8514588 1422897
8930726 6936697 5424989
6614980 8121454 621532
9576787 5488396 1140710
3973262 5739163 53099
3654187 498520 3169897
1038928 4380320 1302388
4234201 8806744 5796886
3724488 8203035 6331987
3512411 8082257 7242682
4901721 1218321 7007139
4640705 679910 1904707
1554277 1365933 853827
3620265 3661750 2896987
1456845 4645387 7175325
8676792 3081642 6765650
1671099 6282509 7070671
2278854 8357188 1020868
8208349 8007729 1477425
3919341 2166405 8618661
6078184 5674598 4404851
3890747 7768363 3873026
1243379 4023741 4885630
3336743 1028427 7927122
6889522 2249748 8796755
9436276 572418 7089179
1296511 8352725 6366568
9289273 7365967 702697
8075906 7793441 4047989
4301010 695090 496742
1390405 5537451 6387965
1604256 5178474 9792425
5000648 9130560 4118463
2672218 6784015 646138
6046777 5567494 3718353
3542099 9257732 767381
3971896 1138397 2140392
6514692 637177 1789709
3572830 8550659 4822105
5277521 4466525 3304456
7468708 4750528 5489025
2023092 9183263 6628642
6290872 2550225 6503493
3196599 765820 7363061
4716832 4520344 1912854
2036054 5637868 1796521
5166217 7865409 9116428
2322100 1628868 7785619
8719166 6907556 3681327
5481361 6494854 3821393
8788409 1644986 9343577
8473823 6489760 5586090
2268270 5759916 400894
745070 3388371 9794215
5476385 2091698 6516102
7025413 9891600 6993136
350038 5175481 6504758
6374939 4102145 9436809
3057352 1700222 4358891
2100600 9508886 9843045
7899633 7585690 4247748
34931 6318074 4086195
6316381 911765 2194613
491576 8156593 686364
1465161 9784654 8355185
1236205 3869801 2390587
535930 8128294 4894710
2001883 4384057 7871717
4780411 8386527 4324641
8734765 299539 6121536
8697344 4478809 7398584
4284820 6733060 6562079
1660161 6247008 1126843
7984898 4743062 755735
3627696 8117860 5115597
292329 9786591 7448010
8483939 1455152 5186661
8028904 8247672 8230856
72342 8485831 4974541
482335 4017878 9409990
8217353 1999524 5646447
6028175 7296582 4203519
3060593 3306850 106615
8153468 2913109 4265392
9383445 7395982 1929481
7400608 4151699 6676826
2959745 6477830 5675279
9584557 2588900 1287620
7106305 998143 2566869
4984165 310665 201736
8610360 193229 9255635
4648198 3785808 3848145
4693482 8268380 7494388
9119948 6955474 7011388
376986 4478647 2648453
7687973 3252652 7075531
7653711 7619375 4325831
2807735 2335249 7199579
1835135 6680118 4558140
1100038 4504577 2259555
2151998 319081 9353591
692619 4837823 8254694
3465146 694605 670112
5120888 8377481 3386792
2375916 5247914 4423906
4673467 948486 9651239
3034084 9262978 2744419
217654 5696973 521473
3939874 7554109 3864905
7412158 9516727 5194509
1073165 9192783 9072157
7802341 6867672 7777590
8257016 9764610 3435821
5543826 4389699 7699374
6479579 1583627 1759483
749512 1778992 5436135
895081 2631803 6066845
280161 7177458 8850134
2747988 442385 8787151
5119365 6776349 7996799
1943887 2042191 9633792
9088952 4485787 4079535
6569374 8816520 4274004
1805694 5717481 3032292
3255494 7439700 1751906
478602 8189793 8923880
8179019 2280209 6675377
831417 6011771 1748346
6611475 134184 5567872
7240677 8827695 4003742
4141336 9835590 8189350
3913525 1117703 9055185
2317637 1547471 6137001
9561928 9635003 796077
2810690 1474779 9698238
5270643 9386862 1682126
9087470 1417913 2515245
1253421 514761 7941747
7800706 8696611 5257934
9609325 6407014 9118205
8592189 4478251 2034031
5133715 5758664 1884782
4885961 430244 5369331
8398755 5544200 4654207
8730209 4194937 989930
6459894 7679661 2781191
8263812 8495332 5685566
1901737 9024137 9618368
1303572 4371652 926079
182656 5055246 3862519
338459 1629023 1117351
3916615 7677501 6620475
2539136 8926771 398016
1008233 6521277 6410339
3816555 4069846 8001923
3875738 2299311 5958166
1518073 3242217 2639585
6417564 7778076 758932
9638995 1284984 4503376
1742508 1388661 6912518
5616949 1809663 6915539
1158216 8254886 322862
414602 3830777 7810800
6431595 7891510 664420
8309220 9590245 2493140
5813830 4250049 4929435
9628174 4904603 6812099
6810281 8420937 7068179
3470334 4174396 7847169
6394467 9057693 2489213
8276873 754462 1759691
7692080 4252613 521607
2190727 6826522 7886317
525103 1135160 50901
5513109 1029602 5065028
8120419 6651291 9370683
4435539 5267542 4507689
7503999 9527320 6810043
3360210 6640158 5708077
167875 5329753 7026660
4258414 8390401 470802
9220126 7165718 1071643
4763077 8403245 2897431
951698 4820834 824965
4412449 2975081 3580333
5515631 9068406 6530808
3272926 9169317 2029676
9277886 9850090 413621
7018685 310971 2499323
2236617 3524874 8394538
4590699 9142417 5616712
8826923 8516090 1180776
8865051 6996635 1343188
6777400 8724377 2521101
6856285 1524123 9344293
8370811 9205675 3459939
954523 634702 1301658
7127540 6716511 325378
166391 9871679 1630415
5754118 9415805 8712221
6857931 1574576 2447859
2081715 9659656 512817
5051857 1615143 9350739
9648186 4106986 3241855
8561300 7770350 6562205
8324843 8108925 615223
8327052 9993729 4757348
1347010 3040777 7237797
5668361 9384491 9162081
8478110 2309108 7648575
1849457 9259084 5017657
7503370 2749423 6584420
988488 6419822 4829053
8238613 4677555 8628192
469992 6322986 711261
7891720 8745585 5745182
2123037 6084645 9629963
6175112 7070251 8920419
3065053 7715590 7485670
5960210 2908148 9138957
6159289 4182362 8567196
6867495 8204564 8729244
1362094 6723398 1907514
8851626 8409600 4919740
2265091 4946172 3804872
3359801 9735532 4254038
1042075 2768951 6169639
5328124 1511286 8633484
8882023 5169962 9863333
6969569 9375116 2115195
29605 9968523 409976
5006494 6729479 4390773
5510970 5097906 4072222
1740617 4708022 7609594
8952904 4535250 2024418
3807886 6297435 6124528
9659513 1579083 6869150
9104370 8750913 3023996
275151 183080 2299988
6861060 1018809 9899365
1421528 7889980 5045749
4628304 8833523 4751774
6284475 5106027 8341519
8217281 82975 4612782
3473598 8797074 7604333
2997773 6096455 4497962
8225398 1456071 7196054
6508945 9048613 2742345
8629443 7818611 5212149
9310710 5153072 3285703
5962544 7430983 437709
102139 6234401 9879558
5768324 4510484 6889678
8899757 1335178 1825959
2602075 845543 3763858
7819141 6294692 2652728
9826271 5861677 5451784
2926978 8332080 3968406
3243937 3644492 4541104
5031249 3444510 3164906
6224244 9024203 9546906
3546575 7710778 7624906
3160071 5319948 4002061
7604697 2287026 8054141
5061373 517926 4235518
6878087 3835006 8368712
1488499 7488323 7561644
6058523 6968148 3486546
3935659 9580564 8869697
8157669 453698 571058
3370539 4140102 9816181
6206146 5520334 5904894
9685224 8329189 2065262
5989546 5725644 6827245
550087 9335608 6909219
4865461 1127960 914642
8351513 1777542 9491466
7536687 9722901 9539578
4812850 621649 3868088
3068701 8037335 1243240
2375746 3721885 5631801
9479294 2495655 12686
7082041 1646460 492695
344730 9662374 5379528
1980608 8009543 6480104
8864167 2833856 6879979
5201595 6730678 2598120
3165994 6513530 4148
9142842 632218 1976495
8126843 4068482 1562768
5460803 1331997 9091124
5928947 7186231 6718156
1137130 4438702 5328749
5880392 9329986 7272987
3150529 3412789 487185
3969829 8383025 7068278
4617937 3664461 7618823
521972 2210961 3286961
1356859 2954898 948357
4635511 4024035 7834015
1261099 113663 4269207
4679140 2616498 8844209
3113106 5230817 6676789
7942801 9155682 2469235
8272240 6522452 2005671
6373456 8780293 6331292
748378 9960703 815957
3916534 7767971 2761141
9260183 4112016 3651791
4797529 6938495 7998754
6475189 1914252 5062867
4360966 6089456 6296054
4083367 7277708 6912876
3836537 1309765 4393853
3774364 8651797 5843885
9491625 3370642 5013428
352587 873003 4846894
4358127 4739918 9166960
4239398 3483182 6698169
3701246 1512678 4586885
7083955 7673369 7092856
6963781 37495 2703663
1114210 3389031 75214
8752281 6073816 8013352
4029860 3621617 5480609
4530934 5133151 4888237
8026084 6521170 7034787
9428306 1480844 7868796
3868923 5080436 6208178
6427482 3101921 3285691
3385527 3732838 7274906
3512609 7788093 4829318
295250 363942 8293105
8044785 4292813 9480849
47718 3450165 6515996
6411996 7221717 7996072
4273614 8720547 9761494
1846128 6385131 6785615
5029672 6408275 3081540
4335924 9293465 281000
5223580 8981669 8588346
7980542 1932934 6966765
2891553 3100993 8967291
2926507 9040918 4212710
5545233 1169158 7465054
2522991 8678133 8629317
6397846 8537906 984735
457716 196689 7963201
9415620 5346241 3198281
6425864 3549933 4007581
6410095 8556716 9721055
6636465 3720636 4455947
5492401 575541 1668256
7593313 2427546 9388262
5255856 3414754 4794569
6030280 2060534 7287330
285393 6098556 6004421
4769813 5983540 2848702
2375898 1988203 6972580
5633146 7091447 4462316
6733992 1912958 8754728
2140172 4257741 6263684
4117155 9395495 4732723
4804984 1802286 2148898
6506071 9746330 7634277
2403160 3513181 6277883
6786673 1113218 9362693
3336647 7955258 2271637
6843086 2013262 3285015
7986699 2277889 7172373
7964602 2190561 7736220
510742 3845117 1525256
5585769 3690612 6760547
1754652 7818541 2881246
6808450 4114950 8821544
2319016 4669402 3140885
4290661 2767897 3703287
5520707 5192711 9537967
3236533 4947699 5207087
7536039 3026260 5265715
7520606 4539051 3158044
9213782 991607 2631309
9792820 3183322 9555500
7527304 1449452 8714120
4868892 1482199 4365657
2350098 3977312 7330537
2099568 4722311 1371921
3528317 1003292 2554159
5193829 9639680 4076657
7219554 5380450 2669441
6112696 9020506 8524090
7867090 2440128 7177625
7942876 9534553 1200685
6283393 9977351 7247250
7848890 1113522 6642429
1542405 4757095 8482987
5895868 4467924 8575094
2326638 642638 6702214
6828832 9482120 7885686
672174 9617366 3501053
4099336 3593932 947234
608956 3510732 9137309
7276849 4115854 8040675
9486232 9088436 2990200
6111316 2879333 5698587
2740297 6919625 7319693
6380367 6041996 1385749
8108648 9035438 9684576
274127 812891 5866871
7139938 964395 7418980
26383 8479324 1388239
4920309 6893946 1168212
8170303 8183845 3491597
577230 2803235 485046
8835799 670699 2062918
7658227 2852201 9263088
1241448 8390161 1646823
2929488 3801707 8070537
4132613 5681851 2887829
4318610 1799135 8042520
3815019 3371735 6251791
3113941 695379 814427
2806569 3180163 1508025
5984880 3533288 3924202
9022241 8574392 4455454
7373816 9033881 5867126
3195719 6512665 4882820
5277404 8196501 9258906
9056695 7618877 3991409
8075347 9496205 4019564
9803570 3271273 5810143
486832 2735472 3182783
3180475 3313472 9386414
2517162 7194246 7553577
785473 3357920 986127
9615170 8704376 9400359
6997023 9678387 9263249
4159004 6395360 3954166
7445270 5451756 7525673
3080987 9742681 8256054
1648380 5802796 760287
2166970 4226163 719187
3283861 614925 2148552
8157837 8485886 2396576
734414 9626829 8936583
3164106 3200921 2689177
3725575 2420295 3155517
9862575 4956837 3142597
5746060 3030404 9771561
7317633 7562376 6408323
6098876 2873851 9973476
2186277 3774881 8523550
4477884 4792746 7854919
2817120 7730105 8350490
6363724 1108222 863549
391869 697386 9004454
4896284 837363 1642892
6506062 9585598 5285439
6837556 5562038 6297083
7830746 734943 3636983
3887408 1065560 9504543
7680292 1121497 6485941
4565845 9168542 6091657
5446318 732606 273293
7709511 5771247 1601010
3764627 7261472 1522870
5878864 7038075 6303164
3905527 8710821 4126826
4490110 1855424 4047971
992311 898922 8182661
9183283 4785108 5244534
5131852 8193982 9821303
8972510 2172615 5967969
8422507 8587064 2780624
440584 675727 5626104
3403027 9243195 2573729
551624 2101222 622560
1594920 8176948 628780
8303887 6585070 4462166
9165675 1189140 6422531
6773967 2939276 7649457
6063827 7169823 4348640
3645803 8895692 6309461
1578874 3358163 7737164
6810862 1710666 1125604
4277231 5024010 3185801
5046480 935930 6523272
253744 3518800 9204447
7558361 1132789 2663775
7161451 3619536 1081671
563049 8000895 1827949
2590178 9007597 3549031
7330907 5089215 6562762
2423219 2097688 8943504
7791083 8907835 1243729
2740068 9763044 338855
7361580 3832628 1640502
6054232 546229 7062700
6567529 9630580 8319311
5514884 1686938 1232969
7411676 5638735 6144497
1311257 6138751 260092
5563895 4170279 9756614
8051311 4301801 2283376
2480266 5440651 6946849
4489934 7221916 100661
9502154 5843017 6829318
4121796 5907013 794329
1867591 3956616 8357749
3007408 3330542 5915895
6277446 3730937 1616872
7811886 2423289 5944913
6864538 4652019 2522141
316452 5911650 4902450
3188828 9337730 3804022
6010679 265871 6182425
7941679 7512716 6927489
5391997 7813371 2716190
7556940 6770925 821757
1779732 2139120 2243729
8855602 5035673 9658605
2511920 2083794 7826538
8910187 7111078 494
8639119 6623509 3585292
2498997 4404371 1590147
6631255 9003482 8509975
1199245 4436360 6179511
5853222 377467 9365545
2536231 4279432 9380314
5973722 1729980 9691922
2564154 2762627 3082721
6026733 3783078 9208090
5055624 8269309 1703367
77290 9656064 5552357
121569 9121160 5642982
6669224 4268826 3011193
5664800 9470289 5989399
7517351 7403755 652058
8674557 9152250 1482201
709424 8286688 6033764
2073641 5724766 296865
7013500 4758353 1105356
4303877 5714383 6397556
151373 1398505 8844855
1474211 7117261 2566352
8435999 3604802 3749214
9977015 538943 9576861
9042270 5972573 8241000
5263152 1504824 3653921
9234017 6066254 3956722
2086405 5286931 2806398
8051968 9470517 8923285
9880764 4682145 9700550
7972114 2103907 4260665
3930607 7158866 7221513
8609297 8986941 9651545
4210776 1557201 1493024
9285322 6627353 230033
2975741 2409528 8459466
7061282 3696363 3419108
905385 1165235 1660058
3695295 3128401 3496672
6836327 3299496 1416734
8392995 5583421 2940229
4963012 7118963 3291089
8577768 3880454 3711262
2281481 3726785 9191561
3256832 3776900 8257775
2809963 7797331 5239313
5620759 1490361 1855196
596249 7336800 3426594
4647349 514938 4063557
5228965 2586571 9407858
2920325 8261839 3701541
6307975 3993057 4164552
9078836 5440768 9517543
3846255 3712739 3743335
5584994 1850237 6316293
2645351 7954161 5964078
7464854 8263675 5978690
225601 3187977 8309953
8064842 814378 1971954
5298320 251996 5746952
1319860 1181734 2389763
8040513 6211343 4622838
9333096 872656 7344834
7189926 5535839 1317839
4249825 7545319 8484088
1196210 8479852 998565
6210011 2865498 7055819
2495136 7085918 7642530
513176 1541554 2660414
7270774 2673283 9113367
4201179 9114027 8498225
3012977 9258090 1128890
8476829 1865599 1161855
6012842 1252352 3955017
1207105 1664017 7791267
1826498 8798117 2880112
7741458 2438884 3149288
8272050 8785347 6157969
6763599 9378462 3932726
9635092 9319353 9884323
4298187 7851714 7984221
5130432 1458159 5360402
9883737 5082336 9889743
535702 5408429 6575987
4127100 4854353 2887484
1581588 9624761 2869256
8009574 4431957 4708626
7424926 5834675 7976947
5183108 905825 3416841
3783158 4970659 8067759
4912725 6868937 901510
8280 2743613 1737689
7432272 867409 9492210
6680054 7325852 9439000
1018540 9980505 7369047
7996285 9230340 2731360
3362847 75289 3326962
2287625 6406785 8457476
9883553 7134915 9296203
7238346 9080900 8749835
2194330 8969010 7382838
519383 8115351 367278
1186444 5934594 4048920
2307586 5576380 6577303
980460 4970271 8907995
334205 133680 4579971
7475167 5046427 8407231
2552239 4776878 1265493
639233 2041013 1059415
5589420 9203881 3057509
8858661 6698254 7342111
9549016 7230623 6221763
8682520 8437227 408110
9151567 3007623 8446674
707980 4978426 4350919
2213097 8020954 8073040
9683969 9186781 1550736
425946 7812351 1593135
8095889 7463688 1276730
5181192 379873 6225015
8101395 4270550 3575412
6585369 5634881 3896795
5679696 9527288 8157654
5894847 2578037 7274892
9880186 4280006 4593249
6751074 8204906 4464309
5242789 2906066 3225387
1630795 9756585 7806705
9509402 8854250 3846207
569024 434955 7931874
2504809 8711447 9996514
8974630 4002305 4593888
6220759 3299406 8350218
3884647 7993271 4149421
3656479 9959681 6182108
9896207 422247 3415780
6301547 3610962 7064429
4402844 7175964 7111309
6133595 2381585 9838172
5558539 1630019 7799486
4416847 3580343 6645442
3484015 7804429 9716220
6216342 3461290 5293356
356569 2690460 2150209
6250805 4890550 3931279
6120866 2709043 4919773
7640485 2106043 51010
9378692 3130906 9444057
5307672 2541802 2084881
4189539 4521752 7230757
1067390 1343191 3737337
8040030 8251349 117931
2845765 1472538 3073674
8574788 2320124 3776913
7311483 3190541 4106069
1352409 1691913 524563
9804952 6053152 1216396
4521224 9804204 9961311
2975064 3049578 7286699
7913127 7775975 4993109
7959490 6804989 4162907
7072234 3022313 3684553
3082527 9251531 4903828
9689998 786041 1129496
6829779 756459 9600286
3406374 2847420 8881141
2843720 1856001 1058929
8574813 4183197 5842103
1955136 7979778 4554569
6925762 4670920 3679544
9544092 2386146 8267409
596860 7517186 7233911
8565777 7703421 5554910
4391760 418865 315092
563883 8826296 8571988
8897872 1176208 1395311
7943806 8843703 4052839
2824042 7776026 3045316
3627464 54782 4756412
4203481 7609481 3947653
7859447 6694163 1371655
8643417 6866042 2396162
6242898 9943781 7172321
7466750 5235862 7182624
7630751 4251032 3237128
3788135 1058750 1282810
4735949 3048123 8337255
9864822 3166625 4085855
1439663 9168374 6954834
9253835 8222933 6599780
2337627 4701472 5202423
1159554 8291714 9486566
9089611 8510836 753509
2946728 6164969 6846709
7528963 3294254 1178216
7147349 9874443 1370378
4927922 6308429 9264544
1117104 1398807 4908162
4334847 925289 7427620
5738406 3186565 6967161
4822982 8132978 5769173
4206682 4374512 1119643
8235687 3589550 4111616
7904791 7243314 7385901
2118700 3238759 9583391
9090651 305944 9999707
2992148 226518 5411953
7938345 3993856 7519417
9950450 294359 4510305
609299 5359527 2817202
1310853 2041434 5513347
3947898 3337917 7651415
2745962 2483111 6200289
6970234 474969 8945789
4748322 7653663 9339003
9029755 5142245 4587283
3164060 2234011 2815344
4305956 9819474 3902039
395634 577319 6845039
5798211 8430610 4541071
6121520 1405082 9166804
5039141 7770596 9118781
32985 3178927 3456877
3816373 636213 795497
8337078 2198632 8180984
4010012 4733632 1026340
2901983 295427 7510136
7578054 7344345 7559464
9303895 805565 4878889
1383722 2447423 2533340
200309 4676435 4434498
9295177 4628701 1361556
4349813 4276001 2740308
9967118 7231830 5907270
385054 1765321 7714177
122781 6557875 1182743
2112628 5128524 3061587
8808057 3029289 9514249
5978774 8351300 8518395
1621031 8754469 5198912
269941 599140 9982032
6527678 6766556 4481560
7531915 8715191 6787065
1810869 7674385 7887489
2658643 7028478 5415149
4787346 8464014 8095050
9364426 3895316 5638302
8658187 8205628 7937067
8397078 6469164 4630875
8027271 9977712 9071258
6860030 1434008 6219135
2942804 8154086 3566890
9023760 6671020 6358921
2281846 8036924 2253206
5490818 1769390 9162211
214000 4997731 356445
8006734 4716800 4389380
6775502 6276885 9937971
7723841 8885966 4376198
5541687 6324185 5365452
4029362 4466626 6397585
9591316 6827751 6860318
415774 4100794 9100289
9596758 8924885 5253680
6991155 2065040 7465149
6184728 1010077 4093791
9536645 1927834 369789
7743310 4180711 1542520
6396135 8759167 1993164
4840651 6469367 7000562
3270921 3456438 1499755
5295184 1635069 6351130
9782074 6896207 2328136
7771018 802092 1435479
3519915 3239038 4473491
1413634 9622124 3383259
8057310 6929817 7872273
5301297 5651164 7535691
4919902 1644917 2133052
6406131 9861617 4906416
7541894 5175616 735632
6906646 8001242 551362
2357321 7527289 8298688
5907282 8858352 8400116
4996443 9719626 4771539
6822802 389920 3767849
7933784 8834232 8919785
6364963 966634 4655707
6634908 5886180 9995197
2108694 8846592 3389037
6112246 8805286 2952604
7837582 3926551 1610768
9178839 2379035 1458091
4355463 1620645 120737
1957684 8790562 2179579
367721 6671865 4422142
8996314 4273649 9607061
3413190 4758883 4321129
3962367 3062441 6050338
9168719 3882007 1119967
1149754 8249282 8181140
9789957 1715718 5754877
7108248 179302 8217544
5323483 1728825 7944338
956974 3298016 379425
8487090 3849857 5018064
8902215 8427270 1447521
1876429 1282639 105107
2067159 6918422 3943203
2942243 447271 7015185
2143780 5336704 9789605
3830872 5602269 7949814
9366746 4396686 6566063
9116293 3623527 2257532
4378594 7462146 8071239
7112814 1039171 8392315
7772732 1811791 8309338
2385366 2523711 8360559
2279911 2888976 2405663
167357 676193 9072517
2856777 3829087 795086
961289 3952967 5258098
1779866 4277302 9318510
3216063 525310 7991639
8900977 5889492 1433698
1037286 4738837 5221604
1670955 2633194 9563720
1316693 965262 8244458
5171249 5803356 9457696
7251365 6572574 1029843
9559267 6832585 8907854
3264575 9860089 8130078
6633834 5652970 7698273
7066981 5033851 1563362
648910 9623119 4804677
9171604 9408131 183373
2879619 4667822 2238784
3092914 6597379 1673629
6787959 503912 5701308
4701556 9308144 2527489
3936506 850471 536983
6287384 3954446 4803563
1703579 3020114 9394359
746849 7715965 3546604
8660046 8139382 834771
8129465 9269323 5220204
8877244 5454955 9839421
8012882 1407885 7873450
5953345 5859263 2254489
4850176 4137335 6607003
3910779 4394503 5238809
5305985 2629288 4030352
6529180 3183822 6484337
7754953 7918918 4100743
8890563 1018591 6876553
4900819 7098256 7401825
3949113 5922692 9111711
9929353 6014468 2747133
8001999 9056568 1806224
2532070 6133783 7634774
9049996 9582842 4670965
1479296 5692734 8344748
6997426 3162586 5369154
4594117 9632481 1346906
8151884 8295673 1391563
1233223 2545074 9619412
5933247 1326993 1967006
821585 2807214 9841586
1445436 4150510 4837447
7553962 8154407 9523345
5764551 5924021 6170682
7908102 7158341 1535363
8492231 3544304 6680212
5637501 5345047 1575355
5935265 1972359 7213997
3796602 1614660 7650026
7247095 3751576 9423134
4365127 4003829 7946399
5934306 9834571 5073415
9949318 7712544 337639
1712340 815954 2399492
8474243 8978528 698600
9993719 5272627 6186479
2145011 8969741 2538580
2306319 4055524 3251312
1422186 5666011 4296487
6464114 1271126 584070
8871571 9863578 1557823
7021798 3784882 7863811
5022595 8424819 588563
6180532 2607360 4926074
1976960 7618401 5180886
2122434 6982601 8020251
4676191 611485 8296806
1709333 3409681 1440584
4625902 3212763 620089
2986700 2297011 632772
5500545 2331017 6517421
4999365 5321682 4281996
2404410 5752669 804410
266465 8762578 1023349
9632728 3982676 4929031
9559683 357621 6207393
2702828 1708426 8881534
2872499 6064299 2420441
4444759 1957773 1458326
5381235 3724420 9992230
532586 3606635 6029945
9376547 2014572 3901896
8133978 5275296 6319575
8089899 7584299 4164519
1058244 4816292 9247501
1673570 5398873 15799
9459640 1144671 9999130
7747532 8064383 3864620
2858254 3974375 5998862
8418522 5012524 4278245
8034861 7401485 8524129
954713 3348129 1658692
8245477 6284451 5586319
1748904 8070622 8691551
223255 8664700 3385842
1554019 9110235 2264756
5209777 177145 2124934
6393790 5247379 2227522
6075555 8677777 3420041
4973644 6748645 8769602
6204217 4806270 2569062
6680392 2322004 1276712
5061475 9378244 8126686
1854035 8373612 2002373
2782740 6640208 7223305
8743877 5102345 7308432
1087171 7915692 1759110
3176564 6721735 4299853
1032811 7957290 6826915
6587785 2251488 9450148
4486685 8623059 6484839
8919219 2450121 8195598
8770883 945749 36334
1254628 5265579 1084253
9451034 9691347 5339725
1703688 480326 6291793
5515483 6615484 9822439
4064822 4820072 5963052
2600937 2114614 82711
3184727 4803838 201381
1666058 4570600 9130622
8191201 8407205 413389
8407078 2362672 4353156
2889302 6759980 5751599
5979738 3200834 6385422
5640926 5338532 1547012
4883276 2996023 5576468
5611053 8730813 6843457
6810591 2659929 5828047
7746001 9147101 7665046
7878702 2004317 6376693
3374724 4589494 8765070
4071358 134525 3665405
9901206 5030910 718528
504395 9941628 3217724
5141145 4875827 4541553
7391790 6182761 2077941
8933095 8328900 9754123
4635414 1456781 1492892
3383962 8846228 7547105
9472603 9792267 7550814
96900 8359644 8219371
7269498 2138431 5614988
2750957 1472301 684213
3481523 938662 215609
2144132 6612175 3157809
4287952 9076262 8079155
6270119 5091746 9100099
8405229 1902799 5831777
34661 7224113 7826322
9194897 6670068 6523018
8136612 7160802 8844859
